500 500
727 0
0 4
6
321.019 224.22
5.295 9.953 12.0829 0 0
0 0 0 0 0.57654
0.00710601 -0.0084366
6
362.396 210.218
5.295 9.953 12.0829 0 0
0 0 0 0 0.582682
0.0128872 0.00564732
6
269.883 365.174
5.295 9.953 12.0829 0 0
0 0 0 0 0.581523
-0.0181432 0.0329045
6
291.114 217.331
5.295 9.953 12.0829 0 0
0 0 0 0 0.571587
0.0156784 -0.00379677
6
192.072 266.42
5.295 9.953 12.0829 0 0
0 0 0 0 0.57009
-0.0206956 -0.0450794
6
296.594 346.479
5.295 9.953 12.0829 0 0
0 0 0 0 0.579679
-0.00431512 0.0317657
6
271.772 288.688
5.295 9.953 12.0829 0 0
0 0 0 0 0.567975
0.0180015 0.0233723
6
282.237 206.311
5.295 9.953 12.0829 0 0
0 0 0 0 0.572431
0.00135775 -0.00124538
6
263.736 158.256
5.295 9.953 12.0829 0 0
0 0 0 0 0.579873
0.00339793 -0.00725496
6
214.28 216.436
5.295 9.953 12.0829 0 0
0 0 0 0 0.571739
0.00177853 -0.0130079
6
201.402 310.22
5.295 9.953 12.0829 0 0
0 0 0 0 0.574759
0.00435538 0.00784288
6
245.503 311.597
5.295 9.953 12.0829 0 0
0 0 0 0 0.571187
0.000128825 0.00857706
6
195.684 196.902
5.295 9.953 12.0829 0 0
0 0 0 0 0.576975
0.000946682 0.00365374
6
189.582 142.755
5.295 9.953 12.0829 0 0
0 0 0 0 0.583376
0.0245063 0.00594144
6
372.875 186.062
5.295 9.953 12.0829 0 0
0 0 0 0 0.584823
-0.0055438 0.00646057
6
292.126 152.903
5.295 9.953 12.0829 0 0
0 0 0 0 0.580928
-4.1456e-05 -0.0125179
6
193.137 353.552
5.295 9.953 12.0829 0 0
0 0 0 0 0.581802
-0.0152417 0.00672382
6
213.694 299.56
5.295 9.953 12.0829 0 0
0 0 0 0 0.57193
0.00990162 0.0114292
6
335.324 152.826
5.295 9.953 12.0829 0 0
0 0 0 0 0.58341
0.000317338 0.000859
6
281.072 242.052
5.295 9.953 12.0829 0 0
0 0 0 0 0.56324
0.0240337 0.000423817
6
355.603 95.5332
5.295 9.953 12.0829 0 0
0 0 0 0 0.590062
-0.0327293 -0.0255866
6
360.636 271.571
5.295 9.953 12.0829 0 0
0 0 0 0 0.580404
0.126039 0.106245
6
232.101 146.946
5.295 9.953 12.0829 0 0
0 0 0 0 0.581348
0.0025834 -0.00730366
6
183.716 255.234
5.295 9.953 12.0829 0 0
0 0 0 0 0.572136
-0.0181006 -0.0640332
6
237.189 267.353
5.295 9.953 12.0829 0 0
0 0 0 0.37898 0.558398
0.000879561 -0.0100411
6
256.446 227.317
5.295 9.953 12.0829 0 0
0 0 0 0 0.566019
-0.00922987 -0.0033097
6
240.768 281.397
5.295 9.953 12.0829 0 0
0 0 0 0.508091 0.56331
0.0199479 -0.0203093
6
226.687 290.467
5.295 9.953 12.0829 0 0
0 0 0 0 0.568376
0.0215235 0.0136057
6
371.963 259.631
5.295 9.953 12.0829 0 0
0 0 0 0 0.582789
0.0342106 0.00952402
6
184.456 303.806
5.295 9.953 12.0829 0 0
0 0 0 0 0.577262
0.00772051 0.013943
6
307.589 158.566
5.295 9.953 12.0829 0 0
0 0 0 0 0.581477
0.000399225 -0.0104848
1
231.343 239.351
5.295 9.953 12.0829 0 0
0.2 2.65 0 2.51187 0.559071
-0.034729 -0.0127451
6
325.289 238.318
5.295 9.953 12.0829 0 0
0 0 0 0 0.575615
0.0335079 -0.0152692
6
138.486 300.779
5.295 9.953 12.0829 0 0
0 0 0 0 0.583373
-0.0190393 -0.00668417
6
282.505 260.3
5.295 9.953 12.0829 0 0
0 0 0 0 0.565624
0.000934965 0.0100007
6
202.506 229.355
5.295 9.953 12.0829 0 0
0 0 0 0 0.570746
-0.00511607 0.00102273
6
174.424 225.42
5.295 9.953 12.0829 0 0
0 0 0 0 0.576458
0.0229115 -0.0246322
6
293.465 232.305
5.295 9.953 12.0829 0 0
0 0 0 0 0.570408
0.0258408 0.0107994
6
223.683 174.64
5.295 9.953 12.0829 0 0
0 0 0 0 0.577334
0.00885447 -0.0140355
6
224.628 275.34
5.295 9.953 12.0829 0 0
0 0 0 0.07852 0.563968
0.0115457 0.00634575
6
193.335 181.339
5.295 9.953 12.0829 0 0
0 0 0 0 0.579286
0.0144417 0.00968236
6
307.692 323.732
5.295 9.953 12.0829 0 0
0 0 0 0 0.57681
-0.00481332 0.00487419
6
339.957 247.492
5.295 9.953 12.0829 0 0
0 0 0 0 0.577255
0.0217552 -0.0182171
6
185.179 237.709
5.295 9.953 12.0829 0 0
0 0 0 0 0.574326
0.0104273 -0.0261484
6
168.14 296.546
5.295 9.953 12.0829 0 0
0 0 0 0 0.579088
0.0184308 0.00215477
6
305.683 276.702
5.295 9.953 12.0829 0 0
0 0 0 0 0.573373
0.071384 0.015607
6
156.327 228.979
5.295 9.953 12.0829 0 0
0 0 0 0 0.579863
-0.00507653 0.00256605
6
296.923 264.693
5.295 9.953 12.0829 0 0
0 0 0 0 0.569253
0.00910238 0.0403953
6
295.225 169.384
5.295 9.953 12.0829 0 0
0 0 0 0 0.578457
-0.000232505 -0.0155003
6
177.668 271.941
5.295 9.953 12.0829 0 0
0 0 0 0 0.576181
-0.00431345 -0.00382646
6
177.271 352.219
5.295 9.953 12.0829 0 0
0 0 0 0 0.582069
-0.0246588 0.0255115
6
188.829 222.696
5.295 9.953 12.0829 0 0
0 0 0 0 0.575387
0.0230111 -0.00977657
6
286.403 277.858
5.295 9.953 12.0829 0 0
0 0 0 0 0.567864
-0.000721339 0.0140644
2
253.554 244.109
5.295 9.953 12.0829 0 0
0.2 0 0 1.84217 0.557165
0.0587651 0.00355938
6
272.911 306.114
5.295 9.953 12.0829 0 0
0 0 0 0 0.572404
0.00412142 0.0259308
6
227.235 206.738
5.295 9.953 12.0829 0 0
0 0 0 0 0.572369
0.00465649 -0.00978681
6
225.999 379.742
5.295 9.953 12.0829 0 0
0 0 0 0 0.584142
0.000600693 0.0105838
6
294.373 248.173
5.295 9.953 12.0829 0 0
0 0 0 0 0.569438
0.00564122 0.0190568
6
245.117 213.016
5.295 9.953 12.0829 0 0
0 0 0 0 0.568761
-0.00920725 0.00450238
6
324.863 183.168
5.295 9.953 12.0829 0 0
0 0 0 0 0.579766
-0.0207508 0.0147904
6
267.032 174.488
5.295 9.953 12.0829 0 0
0 0 0 0 0.576976
0.00803699 -0.0116383
6
219.654 157.346
5.295 9.953 12.0829 0 0
0 0 0 0 0.580639
0.00905726 -0.0116885
6
300.139 203.557
5.295 9.953 12.0829 0 0
0 0 0 0 0.575561
-0.0142907 -0.00629541
6
211.566 200.895
5.295 9.953 12.0829 0 0
0 0 0 0 0.573381
0.00614914 -0.00987925
6
196.064 166.373
5.295 9.953 12.0829 0 0
0 0 0 0 0.581241
-0.00221617 0.00847111
6
217.954 245.71
5.295 9.953 12.0829 0 0
0 0 0 0 0.569941
0.0191472 0.00246678
6
217.92 231.054
5.295 9.953 12.0829 0 0
0 0 0 0.000324 0.568368
-0.0224721 0.0226366
6
230.684 221.666
5.295 9.953 12.0829 0 0
0 0 0 0.014677 0.566499
-0.00391685 -0.00010551
6
269.696 192.246
5.295 9.953 12.0829 0 0
0 0 0 0 0.573624
9.3421e-05 -0.00264624
6
139.984 223.417
5.295 9.953 12.0829 0 0
0 0 0 0 0.581178
-0.0153559 -0.0119981
6
250.742 343.757
5.295 9.953 12.0829 0 0
0 0 0 0 0.578368
-0.00103489 0.0161199
6
158.771 323.899
5.295 9.953 12.0829 0 0
0 0 0 0 0.582191
-0.00390303 0.00222109
6
232.495 322.231
5.295 9.953 12.0829 0 0
0 0 0 0 0.575421
0.00403451 0.0282029
6
147.926 267.027
5.295 9.953 12.0829 0 0
0 0 0 0 0.580949
-0.0361445 -0.10475
6
165.34 377.129
5.295 9.953 12.0829 0 0
0 0 0 0 0.585663
-0.0160853 0.0214986
6
143.631 317.093
5.295 9.953 12.0829 0 0
0 0 0 0 0.582658
-0.008351 -0.000692443
6
271.581 272.419
5.295 9.953 12.0829 0 0
0 0 0 0 0.563558
-0.00128598 0.0125144
6
152.735 292.374
5.295 9.953 12.0829 0 0
0 0 0 0 0.580382
-0.000574769 0.0355161
6
297.876 288.476
5.295 9.953 12.0829 0 0
0 0 0 0 0.574456
0.00617664 -0.00901365
6
313.02 193.141
5.295 9.953 12.0829 0 0
0 0 0 0 0.577782
-0.0217572 0.00168957
6
243.011 230.655
5.295 9.953 12.0829 0 0
0 0 0 0.412907 0.561921
0.00107254 0.0140853
6
287.832 313.092
5.295 9.953 12.0829 0 0
0 0 0 0 0.574442
0.0117585 0.0375498
6
258.313 299.55
5.295 9.953 12.0829 0 0
0 0 0 0 0.568733
0.00238013 0.0122666
6
210.403 283.104
5.295 9.953 12.0829 0 0
0 0 0 0 0.570262
0.0169349 0.00742488
6
321.724 251.511
5.295 9.953 12.0829 0 0
0 0 0 0 0.57551
-0.00543515 -0.0343205
6
208.752 185.117
5.295 9.953 12.0829 0 0
0 0 0 0 0.577244
0.0105895 -0.0136328
6
277.448 225.454
5.295 9.953 12.0829 0 0
0 0 0 0 0.568138
0.0339382 -0.0246344
6
137.01 189.862
5.295 9.953 12.0829 0 0
0 0 0 0 0.584248
0.00614949 -0.00882823
6
308.952 237.385
5.295 9.953 12.0829 0 0
0 0 0 0 0.572473
0.0281973 0.0131016
6
238.582 180.236
5.295 9.953 12.0829 0 0
0 0 0 0 0.575348
0.00970282 -0.00917935
6
256.621 282.809
5.295 9.953 12.0829 0 0
0 0 0 0 0.565898
0.0223396 0.00312855
6
235.197 163.376
5.295 9.953 12.0829 0 0
0 0 0 0 0.578461
0.00912454 -0.00926151
6
311.138 175.033
5.295 9.953 12.0829 0 0
0 0 0 0 0.579855
-0.00348195 -0.00959193
1
240.764 251.147
5.295 9.953 12.0829 0 0
0.2 2.65 0 2.21099 0.558089
0.0311949 -0.0455847
6
199.294 212.023
5.295 9.953 12.0829 0 0
0 0 0 0 0.574718
0.0131921 -0.0115685
6
155.172 307.371
5.295 9.953 12.0829 0 0
0 0 0 0 0.580958
0.00196637 0.0176109
6
329.196 357.24
5.295 9.953 12.0829 0 0
0 0 0 0 0.5828
-0.00672492 0.0262985
6
194.523 280.501
5.295 9.953 12.0829 0 0
0 0 0 0 0.573001
0.0271306 -0.0309101
6
131.569 346.368
5.295 9.953 12.0829 0 0
0 0 0 0 0.585568
0.0207124 0.0161295
6
248.125 327.67
5.295 9.953 12.0829 0 0
0 0 0 0 0.575258
-0.00140636 0.0178613
6
189.78 336.762
5.295 9.953 12.0829 0 0
0 0 0 0 0.580224
0.00231916 0.0107562
6
242.789 296.184
5.295 9.953 12.0829 0 0
0 0 0 0 0.568787
0.00426504 0.00300843
6
260.855 316.716
5.295 9.953 12.0829 0 0
0 0 0 0 0.573667
-0.00260939 0.0201359
6
180.685 287.758
5.295 9.953 12.0829 0 0
0 0 0 0 0.575515
0.0253035 -0.0027451
6
286.728 193.189
5.295 9.953 12.0829 0 0
0 0 0 0 0.574962
-0.010317 -0.011366
6
315.326 290.069
5.295 9.953 12.0829 0 0
0 0 0 0 0.574992
0.0277894 0.0313611
6
316.315 209.001
5.295 9.953 12.0829 0 0
0 0 0 0 0.576802
-0.013568 -0.00122892
6
166.115 214.87
5.295 9.953 12.0829 0 0
0 0 0 0 0.578984
-0.049296 0.013724
6
170.48 311.438
5.295 9.953 12.0829 0 0
0 0 0 0 0.579248
2.27594e-05 0.0039038
6
164.24 186.248
5.295 9.953 12.0829 0 0
0 0 0 0 0.581096
0.0150807 0.00475747
6
163.678 281.178
5.295 9.953 12.0829 0 0
0 0 0 0 0.578093
-0.00588645 0.0201841
6
305.737 220.844
5.295 9.953 12.0829 0 0
0 0 0 0 0.573371
0.00837872 0.007157
6
247.852 152.473
5.295 9.953 12.0829 0 0
0 0 0 0 0.579741
0.00269416 -0.00746326
6
227.246 256.987
5.295 9.953 12.0829 0 0
0 0 0 0.195463 0.562926
0.00807682 -0.00274052
6
151.084 196.504
5.295 9.953 12.0829 0 0
0 0 0 0 0.581462
0.00324437 0.00651249
6
171.687 255.068
5.295 9.953 12.0829 0 0
0 0 0 0 0.576036
-0.0301937 0.0464093
6
285.621 296.644
5.295 9.953 12.0829 0 0
0 0 0 0 0.571651
0.022062 0.0362963
6
175.456 324.913
5.295 9.953 12.0829 0 0
0 0 0 0 0.581099
-0.00473143 0.00689844
6
282.124 179.142
5.295 9.953 12.0829 0 0
0 0 0 0 0.576424
0.00073875 -0.0161716
6
353.074 237.501
5.295 9.953 12.0829 0 0
0 0 0 0 0.580352
0.0188685 0.0215261
6
197.292 117.903
5.295 9.953 12.0829 0 0
0 0 0 0 0.586111
0.00334131 -0.00719869
6
128.444 287.833
5.295 9.953 12.0829 0 0
0 0 0 0 0.584162
0.00172053 -0.0256084
6
252.806 197.574
5.295 9.953 12.0829 0 0
0 0 0 0 0.571246
0.00563527 -0.0132674
6
203.393 151.875
5.295 9.953 12.0829 0 0
0 0 0 0 0.58109
0.00476867 0.00390321
6
384.74 174.769
5.295 9.953 12.0829 0 0
0 0 0 0 0.586325
-0.00535417 0.00845302
6
219.443 332.214
5.295 9.953 12.0829 0 0
0 0 0 0 0.578069
0.00199018 0.0215128
6
216.698 316.022
5.295 9.953 12.0829 0 0
0 0 0 0 0.575118
0.00334243 0.0200893
6
350.054 220.642
5.295 9.953 12.0829 0 0
0 0 0 0 0.579319
0.0194986 -0.00578004
6
267.031 237.189
5.295 9.953 12.0829 0 0
0 0 0 0 0.56367
0.0453028 -0.0473718
6
209.744 169.281
5.295 9.953 12.0829 0 0
0 0 0 0 0.579899
0.00735565 -0.0185478
6
307.739 253.721
5.295 9.953 12.0829 0 0
0 0 0 0 0.573643
0.000261459 0.0142899
6
139.27 238.986
5.295 9.953 12.0829 0 0
0 0 0 0 0.580921
0.0222603 -0.0359576
6
238.483 196.458
5.295 9.953 12.0829 0 0
0 0 0 0 0.573287
0.00944658 -0.00881136
2
269.636 252.52
5.295 9.953 12.0829 0 0
0.2 0 0 0 0.557965
0.00170014 -0.0126889
6
144.032 357.127
5.295 9.953 12.0829 0 0
0 0 0 0 0.585428
0.0173916 0.0210648
6
254.45 183.392
5.295 9.953 12.0829 0 0
0 0 0 0 0.575131
0.0096177 -0.00370497
6
132.002 270.099
5.295 9.953 12.0829 0 0
0 0 0 0 0.582123
0.00809737 -0.0105949
6
336.98 314.8
5.295 9.953 12.0829 0 0
0 0 0 0 0.579297
0.00847566 0.0228198
6
285.554 103.409
5.295 9.953 12.0829 0 0
0 0 0 0 0.586682
0.00969387 -0.0104787
6
181.479 382.701
5.295 9.953 12.0829 0 0
0 0 0 0 0.585477
-0.0135914 0.0174444
6
346.249 204.688
5.295 9.953 12.0829 0 0
0 0 0 0 0.580345
0.00290956 0.00273267
6
166.666 200.778
5.295 9.953 12.0829 0 0
0 0 0 0 0.579608
0.00424163 0.0100704
6
229.566 306.131
5.295 9.953 12.0829 0 0
0 0 0 0 0.572497
0.00710577 0.0250698
6
195.006 370.089
5.295 9.953 12.0829 0 0
0 0 0 0 0.582918
-0.0140418 0.00460063
6
213.331 124.075
5.295 9.953 12.0829 0 0
0 0 0 0 0.584312
0.0128566 -0.0116188
6
267.644 349.098
5.295 9.953 12.0829 0 0
0 0 0 0 0.578614
-0.00386682 0.0260023
6
189.124 319.508
5.295 9.953 12.0829 0 0
0 0 0 0 0.578143
0.0060192 0.018592
6
206.02 342.638
5.295 9.953 12.0829 0 0
0 0 0 0 0.579993
-0.00287629 0.0154694
6
337.314 388.869
5.295 9.953 12.0829 0 0
0 0 0 0 0.586298
-0.000217904 -0.000505588
6
427.828 308.671
5.295 9.953 12.0829 0 0
0 0 0 0 0.58954
0.0229312 0.00398711
6
213.308 43.5206
5.295 9.953 12.0829 0 0
0 0 0 0 0.59417
0.0177898 -0.0378688
6
316.613 266.979
5.295 9.953 12.0829 0 0
0 0 0 0 0.574298
0.0250065 -0.0259151
6
335.244 297.726
5.295 9.953 12.0829 0 0
0 0 0 0 0.578538
0.0364354 0.00352171
6
276.306 323.363
5.295 9.953 12.0829 0 0
0 0 0 0 0.575842
-0.00131089 0.0260809
6
197.791 295.057
5.295 9.953 12.0829 0 0
0 0 0 0 0.574891
0.00267877 -0.00575575
6
178.284 177.142
5.295 9.953 12.0829 0 0
0 0 0 0 0.580984
0.0273983 0.00602376
6
120.69 391.085
5.295 9.953 12.0829 0 0
0 0 0 0 0.589094
-0.0175389 0.0261734
6
136.477 254.656
5.295 9.953 12.0829 0 0
0 0 0 0 0.580678
-0.0341347 -0.0496479
6
340.149 190.012
5.295 9.953 12.0829 0 0
0 0 0 0 0.581745
-0.00973744 0.00745734
6
120.387 204.4
5.295 9.953 12.0829 0 0
0 0 0 0 0.584817
-0.0348581 0.00625674
6
338.03 230.621
5.295 9.953 12.0829 0 0
0 0 0 0 0.577513
0.0247597 -0.0190806
6
224.061 190.379
5.295 9.953 12.0829 0 0
0 0 0 0 0.574153
0.00939969 -0.0156105
6
304.585 141.951
5.295 9.953 12.0829 0 0
0 0 0 0 0.582594
-0.00232763 -0.0077482
6
365.69 226.65
5.295 9.953 12.0829 0 0
0 0 0 0 0.581923
0.0150377 0.00963449
6
170.766 239.14
5.295 9.953 12.0829 0 0
0 0 0 0 0.579299
0.0098484 -0.0005826
6
250.764 168.278
5.295 9.953 12.0829 0 0
0 0 0 0 0.578311
0.00605116 -0.0118417
6
162.65 266.253
5.295 9.953 12.0829 0 0
0 0 0 0 0.577802
-0.0308784 0.0251421
6
210.62 374.937
5.295 9.953 12.0829 0 0
0 0 0 0 0.583161
-0.00829409 0.00675925
6
222.233 348.222
5.295 9.953 12.0829 0 0
0 0 0 0 0.57894
-0.00517997 0.0185192
6
180.289 192.4
5.295 9.953 12.0829 0 0
0 0 0 0 0.579186
0.00551052 0.0115548
6
203.696 326.654
5.295 9.953 12.0829 0 0
0 0 0 0 0.577331
0.00487879 0.0148773
6
182.127 208.356
5.295 9.953 12.0829 0 0
0 0 0 0 0.577105
-0.0159599 0.0168135
6
299.288 185.351
5.295 9.953 12.0829 0 0
0 0 0 0 0.577054
-0.00993111 -0.0149565
6
260.821 142.135
5.295 9.953 12.0829 0 0
0 0 0 0 0.581203
0.00129331 -0.00158014
6
161.371 157.341
5.295 9.953 12.0829 0 0
0 0 0 0 0.583041
-0.0379687 -0.00796729
6
292.944 329.142
5.295 9.953 12.0829 0 0
0 0 0 0 0.577171
0.00249266 0.0381414
6
328.721 199.676
5.295 9.953 12.0829 0 0
0 0 0 0 0.579956
-0.0130104 0.00444262
6
345.159 267.717
5.295 9.953 12.0829 0 0
0 0 0 0 0.57877
-0.120353 0.0769451
6
235.345 338.967
5.295 9.953 12.0829 0 0
0 0 0 0 0.57716
0.000359679 0.0298925
6
255.167 389.996
5.295 9.953 12.0829 0 0
0 0 0 0 0.586356
0.0375553 0.0241078
6
323.532 324.559
5.295 9.953 12.0829 0 0
0 0 0 0 0.579739
0.001812 0.0243541
6
384.826 248.624
5.295 9.953 12.0829 0 0
0 0 0 0 0.584081
0.00735631 0.0227403
6
263.871 333.31
5.295 9.953 12.0829 0 0
0 0 0 0 0.577016
-0.0024194 0.0229971
6
280.7 339.728
5.295 9.953 12.0829 0 0
0 0 0 0 0.577843
-0.00416543 0.0289417
6
173.55 338.522
5.295 9.953 12.0829 0 0
0 0 0 0 0.582965
0.00831628 0.0138817
6
400.965 178.041
5.295 9.953 12.0829 0 0
0 0 0 0 0.588301
0.0106373 -0.0165189
6
125.326 234.161
5.295 9.953 12.0829 0 0
0 0 0 0 0.583582
-0.00417779 0.017931
6
135.863 156.505
5.295 9.953 12.0829 0 0
0 0 0 0 0.587027
0.0445875 -0.0275794
6
375.591 200.981
5.295 9.953 12.0829 0 0
0 0 0 0 0.584256
0.0112196 0.00753158
6
323.045 164.063
5.295 9.953 12.0829 0 0
0 0 0 0 0.581656
0.000452407 -0.00582936
6
335.809 173.056
5.295 9.953 12.0829 0 0
0 0 0 0 0.58167
-0.00665117 0.0145103
6
310.662 338.089
5.295 9.953 12.0829 0 0
0 0 0 0 0.579892
-0.00481651 0.0151926
6
208.787 358.831
5.295 9.953 12.0829 0 0
0 0 0 0 0.581194
-0.0112727 0.0105115
6
279.467 163.329
5.295 9.953 12.0829 0 0
0 0 0 0 0.578766
0.001585 -0.0144454
6
254.143 358.795
5.295 9.953 12.0829 0 0
0 0 0 0 0.579894
-0.0100037 0.0133706
6
355.719 253.942
5.295 9.953 12.0829 0 0
0 0 0 0 0.580115
0.00355384 -0.032475
6
314.574 113.815
5.295 9.953 12.0829 0 0
0 0 0 0 0.586327
-0.0106262 -0.012305
6
128.455 314.291
5.295 9.953 12.0829 0 0
0 0 0 0 0.584864
-0.00847948 0.00855118
6
118.956 259.371
5.295 9.953 12.0829 0 0
0 0 0 0 0.584751
0.00434582 -0.0225924
6
326.517 341.075
5.295 9.953 12.0829 0 0
0 0 0 0 0.580712
-0.00161861 0.0301231
6
149.297 179.703
5.295 9.953 12.0829 0 0
0 0 0 0 0.583828
0.0194554 0.0181854
6
201.462 134.028
5.295 9.953 12.0829 0 0
0 0 0 0 0.583477
0.00829445 -0.0114651
6
283.978 357.065
5.295 9.953 12.0829 0 0
0 0 0 0 0.580452
-0.0116703 0.0327309
6
173.403 139.802
5.295 9.953 12.0829 0 0
0 0 0 0 0.583981
0.0815545 -0.033112
6
162.52 360.634
5.295 9.953 12.0829 0 0
0 0 0 0 0.583802
-0.0273716 0.0161768
6
381.762 232.399
5.295 9.953 12.0829 0 0
0 0 0 0 0.584181
0.00728184 0.0140131
6
333.707 214.872
5.295 9.953 12.0829 0 0
0 0 0 0 0.578552
0.00577375 -0.00487808
6
319.916 147.476
5.295 9.953 12.0829 0 0
0 0 0 0 0.583774
-0.000442605 -0.00754639
6
366.045 308.396
5.295 9.953 12.0829 0 0
0 0 0 0 0.582781
0.00980034 0.00651223
6
151.545 212.424
5.295 9.953 12.0829 0 0
0 0 0 0 0.580299
-0.036123 -0.00313842
6
124.325 218.709
5.295 9.953 12.0829 0 0
0 0 0 0 0.584063
-0.0124146 0.0078122
6
169.215 122.458
5.295 9.953 12.0829 0 0
0 0 0 0 0.586469
0.00599833 -0.0164727
6
407.865 210.439
5.295 9.953 12.0829 0 0
0 0 0 0 0.587199
0.0117741 0.0116512
6
323.317 307.385
5.295 9.953 12.0829 0 0
0 0 0 0 0.576815
0.0103382 0.00895503
6
276.479 147.221
5.295 9.953 12.0829 0 0
0 0 0 0 0.581432
0.000629492 -0.0127347
6
378.671 216.48
5.295 9.953 12.0829 0 0
0 0 0 0 0.583432
0.0105979 0.0125273
6
366.728 141.812
5.295 9.953 12.0829 0 0
0 0 0 0 0.586452
0.0237775 0.00669302
6
105.7 284.624
5.295 9.953 12.0829 0 0
0 0 0 0 0.586355
0.0146076 -0.0152837
6
343.681 123.892
5.295 9.953 12.0829 0 0
0 0 0 0 0.586735
-0.015829 -0.0136727
6
395.31 298.182
5.295 9.953 12.0829 0 0
0 0 0 0 0.585884
0.0123233 0.0103284
6
213.143 391.293
5.295 9.953 12.0829 0 0
0 0 0 0 0.585628
-0.00838395 0.00282061
6
289.18 136.389
5.295 9.953 12.0829 0 0
0 0 0 0 0.582972
-0.00251074 -0.0099812
6
142.561 282.077
5.295 9.953 12.0829 0 0
0 0 0 0 0.582554
0.0559356 -0.0337283
6
179.02 367.093
5.295 9.953 12.0829 0 0
0 0 0 0 0.583964
-0.0201776 0.0216946
6
136.62 206.486
5.295 9.953 12.0829 0 0
0 0 0 0 0.58325
-0.0306456 -0.0133493
6
163.701 171.341
5.295 9.953 12.0829 0 0
0 0 0 0 0.582839
0.0377731 -0.00660931
6
194.141 101.216
5.295 9.953 12.0829 0 0
0 0 0 0 0.587313
-0.000384568 -0.00793285
6
350.452 180.106
5.295 9.953 12.0829 0 0
0 0 0 0 0.58351
-0.00041624 0.00700047
6
394.865 221.579
5.295 9.953 12.0829 0 0
0 0 0 0 0.585573
0.0097039 0.0151662
6
118.046 276.146
5.295 9.953 12.0829 0 0
0 0 0 0 0.583619
-0.00280731 -0.0386859
6
369.355 323.494
5.295 9.953 12.0829 0 0
0 0 0 0 0.583753
0.011852 0.0154699
6
101.579 160.287
5.295 9.953 12.0829 0 0
0 0 0 0 0.588382
0.0175671 -0.0105182
6
348.882 304.517
5.295 9.953 12.0829 0 0
0 0 0 0 0.579861
0.0305259 0.0377703
6
298.844 365.481
5.295 9.953 12.0829 0 0
0 0 0 0 0.582581
-0.00774768 0.0147885
6
110.168 227.273
5.295 9.953 12.0829 0 0
0 0 0 0 0.585053
-0.0105917 -0.00368478
6
346.138 362.498
5.295 9.953 12.0829 0 0
0 0 0 0 0.585039
0.00375402 0.031491
6
140.271 331.958
5.295 9.953 12.0829 0 0
0 0 0 0 0.583963
-0.0136218 0.00338815
6
244.828 136.469
5.295 9.953 12.0829 0 0
0 0 0 0 0.582548
-0.00368428 -0.0108835
6
224.751 363.71
5.295 9.953 12.0829 0 0
0 0 0 0 0.581577
-0.010796 0.0141754
6
332.558 261.275
5.295 9.953 12.0829 0 0
0 0 0 0 0.575984
0.085295 0.0323948
6
100.972 253.455
5.295 9.953 12.0829 0 0
0 0 0 0 0.586001
-0.0209304 -0.0179181
6
253.889 111.473
5.295 9.953 12.0829 0 0
0 0 0 0 0.586321
-0.00977716 0.0197667
6
358.739 193.954
5.295 9.953 12.0829 0 0
0 0 0 0 0.582181
-0.00118208 0.00920033
6
216.165 141.178
5.295 9.953 12.0829 0 0
0 0 0 0 0.581869
-0.00290939 -0.00472425
6
187.973 415.237
5.295 9.953 12.0829 0 0
0 0 0 0 0.588851
-0.0072132 0.0097142
6
131.859 365.809
5.295 9.953 12.0829 0 0
0 0 0 0 0.586881
0.0113866 0.0312876
6
386.156 143.506
5.295 9.953 12.0829 0 0
0 0 0 0 0.587374
0.0424562 -0.1001
6
286.383 119.807
5.295 9.953 12.0829 0 0
0 0 0 0 0.585379
-0.00704169 -0.0111165
6
197.385 386.593
5.295 9.953 12.0829 0 0
0 0 0 0 0.58512
-0.0111695 0.00283933
6
257.914 126.334
5.295 9.953 12.0829 0 0
0 0 0 0 0.583827
-0.00147394 0.00880008
6
368.726 243.173
5.295 9.953 12.0829 0 0
0 0 0 0 0.581508
9.44424e-05 0.0264457
6
159.532 144.197
5.295 9.953 12.0829 0 0
0 0 0 0 0.584549
0.125329 -0.0719919
6
273.642 130.824
5.295 9.953 12.0829 0 0
0 0 0 0 0.582689
-0.00193954 -0.0119603
6
346.704 163.486
5.295 9.953 12.0829 0 0
0 0 0 0 0.584945
-0.0161596 0.0148291
6
346.604 140.786
5.295 9.953 12.0829 0 0
0 0 0 0 0.584991
-0.0125467 -0.00107827
6
420.495 199.342
5.295 9.953 12.0829 0 0
0 0 0 0 0.588716
0.00890852 0.0113248
6
321.219 384.017
5.295 9.953 12.0829 0 0
0 0 0 0 0.585774
-8.88975e-05 0.0163177
6
401.539 331.225
5.295 9.953 12.0829 0 0
0 0 0 0 0.588322
0.0165839 0.00428465
6
145.725 144.436
5.295 9.953 12.0829 0 0
0 0 0 0 0.586116
0.10491 0.025187
6
113.828 244.16
5.295 9.953 12.0829 0 0
0 0 0 0 0.584761
-0.0245063 -0.00901886
6
178.72 94.9513
5.295 9.953 12.0829 0 0
0 0 0 0 0.589069
0.00722463 -0.0165784
6
356.456 152.088
5.295 9.953 12.0829 0 0
0 0 0 0 0.58502
0.0100157 -0.0307421
6
149.307 371.795
5.295 9.953 12.0829 0 0
0 0 0 0 0.586148
-0.01642 0.0362287
6
353.089 319.419
5.295 9.953 12.0829 0 0
0 0 0 0 0.582187
0.0116357 0.0410932
6
339.664 330.331
5.295 9.953 12.0829 0 0
0 0 0 0 0.580772
0.00341251 0.0328426
6
125.372 329.362
5.295 9.953 12.0829 0 0
0 0 0 0 0.585375
-0.0302765 0.00664519
6
301.77 125.239
5.295 9.953 12.0829 0 0
0 0 0 0 0.584834
-0.00933123 -0.00891646
6
316.875 130.676
5.295 9.953 12.0829 0 0
0 0 0 0 0.584187
-0.0104888 -0.00971672
6
391.868 205.686
5.295 9.953 12.0829 0 0
0 0 0 0 0.586066
0.0113362 0.0102587
6
94.1118 221.286
5.295 9.953 12.0829 0 0
0 0 0 0 0.587562
-0.0198989 -0.00785808
6
115.753 340.893
5.295 9.953 12.0829 0 0
0 0 0 0 0.586969
0.0167818 0.0534514
6
240.438 367.16
5.295 9.953 12.0829 0 0
0 0 0 0 0.581232
-0.0130713 0.0117667
6
117.913 374.611
5.295 9.953 12.0829 0 0
0 0 0 0 0.589112
-0.0140815 0.0207553
6
331.799 135.936
5.295 9.953 12.0829 0 0
0 0 0 0 0.585333
-0.0149515 -0.0126417
6
73.2845 389.485
5.295 9.953 12.0829 0 0
0 0 0 0 0.592932
-0.0244606 0.0251951
6
357.665 129.763
5.295 9.953 12.0829 0 0
0 0 0 0 0.587167
-0.0209259 -0.00897506
6
134.048 173.317
5.295 9.953 12.0829 0 0
0 0 0 0 0.584904
0.00239959 -0.00492831
6
228.675 130.747
5.295 9.953 12.0829 0 0
0 0 0 0 0.582818
-0.00231083 -0.00305097
6
148.265 163.838
5.295 9.953 12.0829 0 0
0 0 0 0 0.584586
0.000760323 0.0561018
6
151.526 387.97
5.295 9.953 12.0829 0 0
0 0 0 0 0.587122
-0.0118266 0.033818
6
375.039 277.049
5.295 9.953 12.0829 0 0
0 0 0 0 0.58192
-0.041097 0.0342401
6
204.505 419.289
5.295 9.953 12.0829 0 0
0 0 0 0 0.588262
-0.00909634 -0.000616028
6
200.135 402.986
5.295 9.953 12.0829 0 0
0 0 0 0 0.587015
-0.0105015 0.00142431
6
225.66 114.01
5.295 9.953 12.0829 0 0
0 0 0 0 0.585287
0.0290389 -0.0181434
6
137.207 397.912
5.295 9.953 12.0829 0 0
0 0 0 0 0.589181
-0.0116503 0.0353555
6
414.654 319.93
5.295 9.953 12.0829 0 0
0 0 0 0 0.588665
0.0196345 0.00220203
6
167.785 393.669
5.295 9.953 12.0829 0 0
0 0 0 0 0.58758
-0.0114119 0.0236096
6
153.03 115.09
5.295 9.953 12.0829 0 0
0 0 0 0 0.587935
-0.0015607 -0.0436794
6
111.301 320.693
5.295 9.953 12.0829 0 0
0 0 0 0 0.586418
-0.0315429 -0.00526919
6
241.013 384.041
5.295 9.953 12.0829 0 0
0 0 0 0 0.583914
0.0107645 0.0229284
6
122.339 190.657
5.295 9.953 12.0829 0 0
0 0 0 0 0.586377
0.00522879 0.0054897
6
312.357 353.664
5.295 9.953 12.0829 0 0
0 0 0 0 0.580982
-0.00656449 0.0223958
6
404.945 194.05
5.295 9.953 12.0829 0 0
0 0 0 0 0.58761
0.00733675 0.00181551
6
270.584 114.205
5.295 9.953 12.0829 0 0
0 0 0 0 0.585281
-0.00762132 -0.0164955
6
397.975 237.633
5.295 9.953 12.0829 0 0
0 0 0 0 0.585416
0.0104635 0.0127088
6
154.037 404.657
5.295 9.953 12.0829 0 0
0 0 0 0 0.588984
-0.0055028 0.0327294
6
84.4718 247.625
5.295 9.953 12.0829 0 0
0 0 0 0 0.588587
-0.0238843 -0.0207007
6
400.716 145.64
5.295 9.953 12.0829 0 0
0 0 0 0 0.588781
-0.0989341 -0.0323585
6
184.629 127.796
5.295 9.953 12.0829 0 0
0 0 0 0 0.585452
0.0212128 -0.0180875
6
106.769 211.003
5.295 9.953 12.0829 0 0
0 0 0 0 0.586517
-0.0276663 -0.00157141
6
184.103 398.81
5.295 9.953 12.0829 0 0
0 0 0 0 0.586672
-0.0122575 0.013214
6
388.37 342.946
5.295 9.953 12.0829 0 0
0 0 0 0 0.586859
0.011192 0.00952545
6
385.394 326.529
5.295 9.953 12.0829 0 0
0 0 0 0 0.585819
0.0151375 0.0142954
6
122.337 159.128
5.295 9.953 12.0829 0 0
0 0 0 0 0.587413
0.0511118 0.00613834
6
215.876 407.587
5.295 9.953 12.0829 0 0
0 0 0 0 0.586765
-0.00957027 0.00131845
6
140.455 126.779
5.295 9.953 12.0829 0 0
0 0 0 0 0.588333
0.00728326 -0.0300815
6
98.2071 310.161
5.295 9.953 12.0829 0 0
0 0 0 0 0.586766
-0.010647 0.0160977
6
326.849 101.945
5.295 9.953 12.0829 0 0
0 0 0 0 0.587823
-0.00943012 -0.0168411
6
90.4614 278.952
5.295 9.953 12.0829 0 0
0 0 0 0 0.587583
-0.0013901 -0.0191769
6
166.059 105.683
5.295 9.953 12.0829 0 0
0 0 0 0 0.588463
0.00507653 -0.0231625
6
269.421 388.514
5.295 9.953 12.0829 0 0
0 0 0 0 0.585182
0.0393698 -0.0516669
6
355.926 334.881
5.295 9.953 12.0829 0 0
0 0 0 0 0.583408
0.0094337 0.0369289
6
342.686 346.264
5.295 9.953 12.0829 0 0
0 0 0 0 0.58334
0.00275451 0.0348741
6
221.812 97.8027
5.295 9.953 12.0829 0 0
0 0 0 0 0.587705
-0.0354545 0.0251692
6
132.344 140.773
5.295 9.953 12.0829 0 0
0 0 0 0 0.588353
0.0674723 -0.034361
6
393.427 160.36
5.295 9.953 12.0829 0 0
0 0 0 0 0.588283
0.00528771 0.00582113
6
361.831 367.07
5.295 9.953 12.0829 0 0
0 0 0 0 0.586441
0.00515976 0.023657
6
139.088 107.151
5.295 9.953 12.0829 0 0
0 0 0 0 0.589076
-0.00899063 -0.0393646
6
341.126 106.938
5.295 9.953 12.0829 0 0
0 0 0 0 0.588675
-0.00883453 -0.0191952
6
312.248 96.6913
5.295 9.953 12.0829 0 0
0 0 0 0 0.588512
-0.00570757 -0.016548
6
135.452 414.334
5.295 9.953 12.0829 0 0
0 0 0 0 0.590808
-0.0311606 0.0316423
6
271.938 97.8186
5.295 9.953 12.0829 0 0
0 0 0 0 0.587625
0.0228591 -0.0161873
6
104.238 352.672
5.295 9.953 12.0829 0 0
0 0 0 0 0.588364
-0.00236373 0.0371519
6
401.029 253.88
5.295 9.953 12.0829 0 0
0 0 0 0 0.586548
0.0111897 0.0133109
6
280.738 376.866
5.295 9.953 12.0829 0 0
0 0 0 0 0.584121
0.0669456 -0.0386437
6
228.794 396.43
5.295 9.953 12.0829 0 0
0 0 0 0 0.585272
-0.00569748 0.00673506
6
367.365 118.802
5.295 9.953 12.0829 0 0
0 0 0 0 0.588572
0.0130945 -0.0163992
6
329.131 119.054
5.295 9.953 12.0829 0 0
0 0 0 0 0.586272
-0.0172058 -0.0171747
6
181.586 111.582
5.295 9.953 12.0829 0 0
0 0 0 0 0.586483
0.00214407 -0.0131596
6
241.15 120.589
5.295 9.953 12.0829 0 0
0 0 0 0 0.585072
-0.0145762 -0.0206713
6
163.91 425.447
5.295 9.953 12.0829 0 0
0 0 0 0 0.590523
-0.0303065 0.0245449
6
155.892 130.396
5.295 9.953 12.0829 0 0
0 0 0 0 0.586198
-0.015207 -0.0391797
6
94.7505 294.923
5.295 9.953 12.0829 0 0
0 0 0 0 0.587815
0.010949 -0.0167442
6
409.172 114.563
5.295 9.953 12.0829 0 0
0 0 0 0 0.591344
0.0334278 0.0158646
6
355.076 111.66
5.295 9.953 12.0829 0 0
0 0 0 0 0.588169
-0.00682 0.000410488
6
246.105 88.5362
5.295 9.953 12.0829 0 0
0 0 0 0 0.587546
0.0903406 -0.141743
6
388.91 190.12
5.295 9.953 12.0829 0 0
0 0 0 0 0.585876
0.00601262 0.00268948
6
171.147 410.369
5.295 9.953 12.0829 0 0
0 0 0 0 0.588081
-0.00816745 0.0293221
6
122.834 130.3
5.295 9.953 12.0829 0 0
0 0 0 0 0.589064
0.00846802 0.00394326
6
121.549 101.544
5.295 9.953 12.0829 0 0
0 0 0 0 0.590508
-0.0130418 -0.0161246
6
265.287 406.77
5.295 9.953 12.0829 0 0
0 0 0 0 0.586487
0.00313422 -0.0199981
6
163.484 88.7824
5.295 9.953 12.0829 0 0
0 0 0 0 0.589429
0.00853108 -0.0220119
6
299.963 108.577
5.295 9.953 12.0829 0 0
0 0 0 0 0.586811
-0.00120195 -0.00980325
6
93.198 324.455
5.295 9.953 12.0829 0 0
0 0 0 0 0.588288
-0.092466 0.0340266
6
315.891 369.19
5.295 9.953 12.0829 0 0
0 0 0 0 0.583157
-0.0127906 0.0248792
6
103.836 268.611
5.295 9.953 12.0829 0 0
0 0 0 0 0.586154
-0.00944293 -0.0227436
6
150.926 97.7892
5.295 9.953 12.0829 0 0
0 0 0 0 0.589407
-0.00145411 -0.039526
6
209.635 107.669
5.295 9.953 12.0829 0 0
0 0 0 0 0.586677
-0.00859918 0.00992832
6
87.0394 189.032
5.295 9.953 12.0829 0 0
0 0 0 0 0.589685
-0.0131857 -0.0163664
6
128.403 116.437
5.295 9.953 12.0829 0 0
0 0 0 0 0.589014
0.00114617 -0.0192793
6
430.439 129.896
5.295 9.953 12.0829 0 0
0 0 0 0 0.591799
0.0565183 -0.0263695
6
94.4518 105.302
5.295 9.953 12.0829 0 0
0 0 0 0 0.591016
0.00620379 0.0270833
6
101.819 368.289
5.295 9.953 12.0829 0 0
0 0 0 0 0.589381
-0.0324412 0.036389
6
340.548 90.4313
5.295 9.953 12.0829 0 0
0 0 0 0 0.589631
-0.0181188 -0.0243562
6
257.253 97.4543
5.295 9.953 12.0829 0 0
0 0 0 0 0.588851
0.00464786 0.0258783
6
411.102 226.612
5.295 9.953 12.0829 0 0
0 0 0 0 0.587982
0.0129055 0.0149152
6
149.499 420.861
5.295 9.953 12.0829 0 0
0 0 0 0 0.58987
-0.0266559 0.0280116
6
119.762 146.967
5.295 9.953 12.0829 0 0
0 0 0 0 0.588491
0.049189 -0.024275
6
238.489 103.644
5.295 9.953 12.0829 0 0
0 0 0 0 0.586368
0.0387079 -0.0801919
6
256.772 374.692
5.295 9.953 12.0829 0 0
0 0 0 0 0.582528
-0.0297135 0.0124507
6
183.446 445.785
5.295 9.953 12.0829 0 0
0 0 0 0 0.592264
-0.0195997 0.00269472
6
229.853 414.501
5.295 9.953 12.0829 0 0
0 0 0 0 0.58767
-0.0044823 -0.00219917
6
87.4702 263.392
5.295 9.953 12.0829 0 0
0 0 0 0 0.588609
-0.0196956 -0.0239504
6
67.9806 241.745
5.295 9.953 12.0829 0 0
0 0 0 0 0.589989
-0.0281893 -0.0178209
6
82.4484 304.451
5.295 9.953 12.0829 0 0
0 0 0 0 0.589184
0.00252794 -0.032563
6
333.793 373.007
5.295 9.953 12.0829 0 0
0 0 0 0 0.58525
-0.00734522 0.0126149
6
135.077 381.486
5.295 9.953 12.0829 0 0
0 0 0 0 0.58765
-0.015894 0.0369824
6
283.139 85.5359
5.295 9.953 12.0829 0 0
0 0 0 0 0.58909
0.00928856 -0.0282114
6
370.045 102.577
5.295 9.953 12.0829 0 0
0 0 0 0 0.590155
-0.0575062 -0.0166042
6
105.223 193.207
5.295 9.953 12.0829 0 0
0 0 0 0 0.587088
-0.0102524 -0.0143479
6
295.858 404.34
5.295 9.953 12.0829 0 0
0 0 0 0 0.586871
0.00978268 0.0288547
6
56.9379 339.384
5.295 9.953 12.0829 0 0
0 0 0 0 0.592251
0.0132624 0.0698546
6
243.565 465.178
5.295 9.953 12.0829 0 0
0 0 0 0 0.592858
-0.0110279 0.0380263
6
297.538 91.3244
5.295 9.953 12.0829 0 0
0 0 0 0 0.587971
-0.000252906 -0.0167597
6
352.949 393.092
5.295 9.953 12.0829 0 0
0 0 0 0 0.588225
0.000191342 -0.0204898
6
455.838 211.461
5.295 9.953 12.0829 0 0
0 0 0 0 0.593154
0.0255059 0.0170296
6
96.8191 177.628
5.295 9.953 12.0829 0 0
0 0 0 0 0.58787
-0.0140845 -0.0278555
6
427.573 231.933
5.295 9.953 12.0829 0 0
0 0 0 0 0.589094
0.0191232 0.0170111
6
376.56 130.87
5.295 9.953 12.0829 0 0
0 0 0 0 0.587892
0.0228071 -0.0661938
6
372.23 339.117
5.295 9.953 12.0829 0 0
0 0 0 0 0.585332
0.0107098 0.0177599
6
83.9455 168.963
5.295 9.953 12.0829 0 0
0 0 0 0 0.590053
-0.0253767 -0.0368363
6
309.708 79.5919
5.295 9.953 12.0829 0 0
0 0 0 0 0.589376
-0.000372831 -0.0205234
6
406.97 163.326
5.295 9.953 12.0829 0 0
0 0 0 0 0.589694
-0.00770984 -0.0370558
6
136.383 432.227
5.295 9.953 12.0829 0 0
0 0 0 0 0.5917
-0.0199972 0.0334513
6
77.0958 154.158
5.295 9.953 12.0829 0 0
0 0 0 0 0.59073
-0.0561157 -0.0355935
6
308.08 393.371
5.295 9.953 12.0829 0 0
0 0 0 0 0.586087
0.00772188 0.028433
6
118.612 357.609
5.295 9.953 12.0829 0 0
0 0 0 0 0.587965
0.0142055 0.0274011
6
404.324 270.158
5.295 9.953 12.0829 0 0
0 0 0 0 0.586598
0.0158364 0.012384
6
382.15 388.016
5.295 9.953 12.0829 0 0
0 0 0 0 0.589339
0.00173744 0.014372
6
74.1279 273.681
5.295 9.953 12.0829 0 0
0 0 0 0 0.589993
-0.0175701 -0.0317691
6
417.758 182.152
5.295 9.953 12.0829 0 0
0 0 0 0 0.589016
0.0124325 0.00676663
6
184.746 48.2802
5.295 9.953 12.0829 0 0
0 0 0 0 0.59327
-0.0108745 -0.035129
6
382.222 310.046
5.295 9.953 12.0829 0 0
0 0 0 0 0.585034
0.0117544 0.0196556
6
134.142 91.3774
5.295 9.953 12.0829 0 0
0 0 0 0 0.59081
-0.0131205 -0.0366307
6
414.279 242.831
5.295 9.953 12.0829 0 0
0 0 0 0 0.587801
0.0133932 0.0128847
6
100.909 336.706
5.295 9.953 12.0829 0 0
0 0 0 0 0.58902
0.0241603 0.00955026
6
71.8516 181.254
5.295 9.953 12.0829 0 0
0 0 0 0 0.590818
-0.0219002 -0.00889479
6
359.005 350.717
5.295 9.953 12.0829 0 0
0 0 0 0 0.584219
0.00775905 0.0306913
6
81.2215 231.51
5.295 9.953 12.0829 0 0
0 0 0 0 0.588675
-0.0229503 -0.0141591
6
78.2069 289.173
5.295 9.953 12.0829 0 0
0 0 0 0 0.5903
-0.0126886 -0.0286749
6
295.525 383.023
5.295 9.953 12.0829 0 0
0 0 0 0 0.584548
0.0464105 -0.000638335
6
391.636 281.45
5.295 9.953 12.0829 0 0
0 0 0 0 0.585616
0.0341035 0.0280833
6
338.582 73.8622
5.295 9.953 12.0829 0 0
0 0 0 0 0.591302
0.00141806 -0.0209084
6
178.78 429.11
5.295 9.953 12.0829 0 0
0 0 0 0 0.589897
-0.017081 0.00725224
6
206.476 90.7606
5.295 9.953 12.0829 0 0
0 0 0 0 0.588182
-0.00916623 -0.00331484
6
97.6088 237.568
5.295 9.953 12.0829 0 0
0 0 0 0 0.587411
-0.0201112 -0.0143533
6
394.127 375.625
5.295 9.953 12.0829 0 0
0 0 0 0 0.589365
-0.000216512 0.00431065
6
375.203 355.149
5.295 9.953 12.0829 0 0
0 0 0 0 0.586544
0.00810991 0.0155661
6
339.37 405.455
5.295 9.953 12.0829 0 0
0 0 0 0 0.588646
-0.00172008 -0.0150145
6
282.558 396.143
5.295 9.953 12.0829 0 0
0 0 0 0 0.585312
0.0339014 -0.0189348
6
68.0037 355.256
5.295 9.953 12.0829 0 0
0 0 0 0 0.591809
-0.0366613 -0.00636567
6
254.549 421.985
5.295 9.953 12.0829 0 0
0 0 0 0 0.587633
0.0161792 -0.00192655
6
71.0584 257.86
5.295 9.953 12.0829 0 0
0 0 0 0 0.589985
-0.029888 -0.0249983
6
275.226 49.708
5.295 9.953 12.0829 0 0
0 0 0 0 0.592752
0.00871163 -0.0246162
6
247.277 72.1699
5.295 9.953 12.0829 0 0
0 0 0 0 0.590056
0.0248457 -0.10488
6
365.605 383.024
5.295 9.953 12.0829 0 0
0 0 0 0 0.588076
0.0161936 0.0152548
6
387.866 264.987
5.295 9.953 12.0829 0 0
0 0 0 0 0.584112
0.0195665 0.00527555
6
90.4624 148.734
5.295 9.953 12.0829 0 0
0 0 0 0 0.590237
-0.0033065 0.0279635
6
421.091 353.02
5.295 9.953 12.0829 0 0
0 0 0 0 0.591047
0.00536501 0.000343246
6
62.6864 323.157
5.295 9.953 12.0829 0 0
0 0 0 0 0.591877
-0.100482 0.0394471
6
402.24 413.921
5.295 9.953 12.0829 0 0
0 0 0 0 0.591972
0.00139911 0.0431642
6
325.199 85.197
5.295 9.953 12.0829 0 0
0 0 0 0 0.58992
-0.00790414 -0.0219714
6
310.74 411.134
5.295 9.953 12.0829 0 0
0 0 0 0 0.588384
0.00983822 0.0237588
6
91.5376 204.568
5.295 9.953 12.0829 0 0
0 0 0 0 0.587994
-0.0185894 -0.0132039
6
424.287 292.072
5.295 9.953 12.0829 0 0
0 0 0 0 0.589443
0.0231438 0.00535578
6
121.457 425.263
5.295 9.953 12.0829 0 0
0 0 0 0 0.592147
-0.0249562 0.0279255
6
398.309 314.753
5.295 9.953 12.0829 0 0
0 0 0 0 0.586426
0.0169773 0.00740019
6
78.6678 318.473
5.295 9.953 12.0829 0 0
0 0 0 0 0.589757
-0.104268 -0.0336365
6
379.657 293.591
5.295 9.953 12.0829 0 0
0 0 0 0 0.5835
0.000156213 0.0296231
6
239.374 428.853
5.295 9.953 12.0829 0 0
0 0 0 0 0.588956
0.0101401 -0.00664391
6
284.152 432.446
5.295 9.953 12.0829 0 0
0 0 0 0 0.590352
0.00985164 0.0233924
6
89.7484 348.848
5.295 9.953 12.0829 0 0
0 0 0 0 0.590399
-0.00676783 0.0208913
6
104.17 384.898
5.295 9.953 12.0829 0 0
0 0 0 0 0.59049
-0.0189312 0.0299588
6
146.695 81.2593
5.295 9.953 12.0829 0 0
0 0 0 0 0.591227
-0.00653604 -0.0409316
6
378.199 371.335
5.295 9.953 12.0829 0 0
0 0 0 0 0.587921
0.00554191 0.011487
6
117.842 84.5369
5.295 9.953 12.0829 0 0
0 0 0 0 0.592524
-0.0119275 -0.0311319
6
342.328 421.691
5.295 9.953 12.0829 0 0
0 0 0 0 0.590367
0.0281008 -0.0281537
6
444.64 237.926
5.295 9.953 12.0829 0 0
0 0 0 0 0.591628
0.0274556 0.026235
6
73.7683 120.845
5.295 9.953 12.0829 0 0
0 0 0 0 0.592939
-0.00466414 0.001499
6
220.588 425.285
5.295 9.953 12.0829 0 0
0 0 0 0 0.589097
-0.00179901 -0.00393636
6
217.311 79.4017
5.295 9.953 12.0829 0 0
0 0 0 0 0.589029
-0.0107014 0.00437194
6
57.5744 268.273
5.295 9.953 12.0829 0 0
0 0 0 0 0.592617
-0.0334833 -0.0197124
6
381.056 114.514
5.295 9.953 12.0829 0 0
0 0 0 0 0.589973
0.0407885 -0.0788059
6
74.3512 424.101
5.295 9.953 12.0829 0 0
0 0 0 0 0.594271
-0.0310487 0.0292147
6
78.1531 214.953
5.295 9.953 12.0829 0 0
0 0 0 0 0.590251
-0.0178557 -0.0109554
6
105.899 95.179
5.295 9.953 12.0829 0 0
0 0 0 0 0.592404
-0.0371626 0.00611058
6
91.2161 123.681
5.295 9.953 12.0829 0 0
0 0 0 0 0.591217
0.00661119 0.00831198
6
120.817 407.717
5.295 9.953 12.0829 0 0
0 0 0 0 0.590551
-0.0247694 0.0258721
6
404.665 347.52
5.295 9.953 12.0829 0 0
0 0 0 0 0.588676
0.00902856 0.00285361
6
369.875 400.075
5.295 9.953 12.0829 0 0
0 0 0 0 0.589367
0.00525294 0.0159957
6
323.734 400.424
5.295 9.953 12.0829 0 0
0 0 0 0 0.587873
0.000381667 0.0113482
6
424.186 215.715
5.295 9.953 12.0829 0 0
0 0 0 0 0.589339
0.0170957 0.0153913
6
242.89 36.6005
5.295 9.953 12.0829 0 0
0 0 0 0 0.594078
0.0069166 -0.0480107
6
286.893 469.263
5.295 9.953 12.0829 0 0
0 0 0 0 0.594349
0.0158516 0.0157992
6
89.476 395.675
5.295 9.953 12.0829 0 0
0 0 0 0 0.591818
-0.0242469 0.0324264
6
191.249 84.167
5.295 9.953 12.0829 0 0
0 0 0 0 0.589568
0.00487333 -0.0179857
6
355.425 409.259
5.295 9.953 12.0829 0 0
0 0 0 0 0.590038
0.000637449 -0.0228852
6
64.9129 225.279
5.295 9.953 12.0829 0 0
0 0 0 0 0.59136
-0.0225898 -0.0103298
6
294.272 73.539
5.295 9.953 12.0829 0 0
0 0 0 0 0.590476
0.00802606 -0.0256278
6
441.654 222.561
5.295 9.953 12.0829 0 0
0 0 0 0 0.590551
0.027432 0.0275604
6
61.4077 284.367
5.295 9.953 12.0829 0 0
0 0 0 0 0.591441
-0.0158158 -0.026046
6
231.665 86.8554
5.295 9.953 12.0829 0 0
0 0 0 0 0.588831
-0.00464109 0.0854293
6
188.691 24.7121
5.295 9.953 12.0829 0 0
0 0 0 0 0.597094
-0.0164082 -0.0310655
6
415.082 82.0565
5.295 9.953 12.0829 0 0
0 0 0 0 0.593759
0.015774 -0.0167502
6
343.483 466.161
5.295 9.953 12.0829 0 0
0 0 0 0 0.595021
0.0121552 0.039011
6
279.05 66.692
5.295 9.953 12.0829 0 0
0 0 0 0 0.591476
-0.00135093 -0.00979644
6
322.724 68.4348
5.295 9.953 12.0829 0 0
0 0 0 0 0.592153
0.00199455 -0.0263633
6
391.544 359.286
5.295 9.953 12.0829 0 0
0 0 0 0 0.588289
0.00693806 0.00637458
6
291.387 55.7731
5.295 9.953 12.0829 0 0
0 0 0 0 0.592957
0.00758487 -0.0240407
6
418.061 336.443
5.295 9.953 12.0829 0 0
0 0 0 0 0.589339
0.0159114 0.00108156
6
138.333 450.305
5.295 9.953 12.0829 0 0
0 0 0 0 0.59323
-0.0133223 0.0273565
6
415.737 147.844
5.295 9.953 12.0829 0 0
0 0 0 0 0.590535
0.117108 0.00697562
6
74.3972 198.677
5.295 9.953 12.0829 0 0
0 0 0 0 0.59066
-0.0179976 -0.0117455
6
329.04 435.259
5.295 9.953 12.0829 0 0
0 0 0 0 0.591144
0.03701 -0.00327705
6
171.431 458.978
5.295 9.953 12.0829 0 0
0 0 0 0 0.593643
-0.0271452 0.0413324
6
203.134 72.714
5.295 9.953 12.0829 0 0
0 0 0 0 0.590541
-0.000627827 -0.0277702
6
45.3041 328.981
5.295 9.953 12.0829 0 0
0 0 0 0 0.593397
-0.0519835 -0.0407547
6
269.471 425.627
5.295 9.953 12.0829 0 0
0 0 0 0 0.58894
0.0129909 0.0161286
6
464.747 363.663
5.295 9.953 12.0829 0 0
0 0 0 0 0.594403
0.0898399 0.0175052
6
78.6592 136.58
5.295 9.953 12.0829 0 0
0 0 0 0 0.591585
-0.0124259 0.0133554
6
56.64 384.597
5.295 9.953 12.0829 0 0
0 0 0 0 0.593767
-0.0296129 0.0410896
6
218.105 8.42286
5.295 9.953 12.0829 0 0
0 0 0 0 0.598341
0.00719709 -0.0127218
6
425.631 426.806
5.295 9.953 12.0829 0 0
0 0 0 0 0.593764
0.067467 0.0780094
6
40.6759 314.205
5.295 9.953 12.0829 0 0
0 0 0 0 0.59311
-0.0906686 0.0590789
6
63.6272 145.876
5.295 9.953 12.0829 0 0
0 0 0 0 0.593067
-0.0616599 -0.0210801
6
272.214 32.3353
5.295 9.953 12.0829 0 0
0 0 0 0 0.595433
0.0146548 -0.0364592
6
58.5327 191.622
5.295 9.953 12.0829 0 0
0 0 0 0 0.593026
-0.0273066 -0.00138465
6
461.757 242.711
5.295 9.953 12.0829 0 0
0 0 0 0 0.592897
0.0324766 0.0201102
6
229.163 45.3467
5.295 9.953 12.0829 0 0
0 0 0 0 0.595582
0.0276536 0.0159067
6
408.099 363.644
5.295 9.953 12.0829 0 0
0 0 0 0 0.589712
0.00389607 0.00390375
6
430.375 145.709
5.295 9.953 12.0829 0 0
0 0 0 0 0.591048
0.0165798 0.0348011
6
227.569 440.065
5.295 9.953 12.0829 0 0
0 0 0 0 0.591583
0.00455133 -0.00732126
6
56.0189 310.849
5.295 9.953 12.0829 0 0
0 0 0 0 0.59411
0.0116519 0.0481556
6
393.943 107.553
5.295 9.953 12.0829 0 0
0 0 0 0 0.590697
0.0907074 -0.0180024
6
441.058 297.648
5.295 9.953 12.0829 0 0
0 0 0 0 0.590542
0.0255515 0.00774847
6
396.971 87.3948
5.295 9.953 12.0829 0 0
0 0 0 0 0.592679
-0.0128389 0.0182408
6
458.744 226.86
5.295 9.953 12.0829 0 0
0 0 0 0 0.592977
0.0309184 0.0209929
6
247.152 54.8159
5.295 9.953 12.0829 0 0
0 0 0 0 0.592764
0.0170249 -0.0644595
6
226.587 478.548
5.295 9.953 12.0829 0 0
0 0 0 0 0.595644
-0.00451221 0.0245841
6
363.787 438.458
5.295 9.953 12.0829 0 0
0 0 0 0 0.593298
-0.0303913 0.0242163
6
314.73 446.627
5.295 9.953 12.0829 0 0
0 0 0 0 0.592114
0.0325453 0.00875689
6
84.8315 89.6948
5.295 9.953 12.0829 0 0
0 0 0 0 0.593569
-0.0433264 -0.0192513
6
22.5005 197.198
5.295 9.953 12.0829 0 0
0 0 0 0 0.597078
-0.0341644 0.00184315
6
257.136 454.744
5.295 9.953 12.0829 0 0
0 0 0 0 0.5928
-0.00159596 0.0263038
6
143.092 63.5879
5.295 9.953 12.0829 0 0
0 0 0 0 0.593134
-0.00682689 -0.0549986
6
285.567 450.65
5.295 9.953 12.0829 0 0
0 0 0 0 0.591657
0.0118652 0.0224099
6
24.7809 179.636
5.295 9.953 12.0829 0 0
0 0 0 0 0.595776
-0.0808703 -0.000716047
6
411.712 402.639
5.295 9.953 12.0829 0 0
0 0 0 0 0.592053
-0.00336816 -0.0143052
6
354.16 78.7454
5.295 9.953 12.0829 0 0
0 0 0 0 0.590957
0.0011016 -0.0292607
6
90.9865 430.426
5.295 9.953 12.0829 0 0
0 0 0 0 0.593638
-0.0295973 0.0317895
6
486.819 201.864
5.295 9.953 12.0829 0 0
0 0 0 0 0.597242
0.0286509 -0.00234225
6
383.304 94.1261
5.295 9.953 12.0829 0 0
0 0 0 0 0.591437
-0.0163614 0.0467675
6
387.699 404.375
5.295 9.953 12.0829 0 0
0 0 0 0 0.590748
0.000761629 0.0233653
6
254.868 437.855
5.295 9.953 12.0829 0 0
0 0 0 0 0.590221
-0.000498906 0.0130186
6
154.552 456.496
5.295 9.953 12.0829 0 0
0 0 0 0 0.594035
-0.00136474 0.0255525
6
379.635 434.044
5.295 9.953 12.0829 0 0
0 0 0 0 0.59315
-0.0487259 0.00402403
6
451.041 270.062
5.295 9.953 12.0829 0 0
0 0 0 0 0.591631
0.0269162 0.0155231
6
173.593 60.5819
5.295 9.953 12.0829 0 0
0 0 0 0 0.592307
0.00861316 -0.0155057
6
482.662 166.589
5.295 9.953 12.0829 0 0
0 0 0 0 0.596212
0.0272801 -0.032559
6
84.5549 363.216
5.295 9.953 12.0829 0 0
0 0 0 0 0.590833
-0.0397472 0.0251966
6
281.455 413.841
5.295 9.953 12.0829 0 0
0 0 0 0 0.587883
0.00205666 -1.05404e-05
6
47.071 139.71
5.295 9.953 12.0829 0 0
0 0 0 0 0.594079
-0.0563481 -0.0109121
6
411.361 303.354
5.295 9.953 12.0829 0 0
0 0 0 0 0.588345
0.0193782 0.00481934
6
54.2539 175.109
5.295 9.953 12.0829 0 0
0 0 0 0 0.59342
-0.04607 0.00817349
6
34.6805 343.5
5.295 9.953 12.0829 0 0
0 0 0 0 0.59482
-0.0392381 0.0053031
6
82.5989 71.7479
5.295 9.953 12.0829 0 0
0 0 0 0 0.594745
-0.0229103 -0.0176069
6
434.862 341.485
5.295 9.953 12.0829 0 0
0 0 0 0 0.591679
0.016436 0.00959275
6
361.643 423.309
5.295 9.953 12.0829 0 0
0 0 0 0 0.591447
-0.0480034 -0.000867591
6
8.33239 267.063
5.295 9.953 12.0829 0 0
0 0 0 0 0.59839
-0.0324525 -0.00711924
6
435.154 193.703
5.295 9.953 12.0829 0 0
0 0 0 0 0.591218
0.0158759 0.0183711
6
463.425 125.247
5.295 9.953 12.0829 0 0
0 0 0 0 0.594633
0.116924 -0.0520252
6
54.4561 252.038
5.295 9.953 12.0829 0 0
0 0 0 0 0.592606
-0.0352755 -0.0179286
6
431.356 325.155
5.295 9.953 12.0829 0 0
0 0 0 0 0.590092
0.0217325 0.00467494
6
306.878 62.4124
5.295 9.953 12.0829 0 0
0 0 0 0 0.591866
0.00798563 -0.0268892
6
420.828 275.526
5.295 9.953 12.0829 0 0
0 0 0 0 0.587915
0.0195089 0.00689069
6
230.984 72.0748
5.295 9.953 12.0829 0 0
0 0 0 0 0.591472
-0.0101367 0.0643596
6
352.586 61.7988
5.295 9.953 12.0829 0 0
0 0 0 0 0.592922
0.0129603 -0.0309054
6
316.08 487.72
5.295 9.953 12.0829 0 0
0 0 0 0 0.597234
0.00427043 0.044869
6
151.56 438.498
5.295 9.953 12.0829 0 0
0 0 0 0 0.591937
-0.0171875 0.0261359
6
458.2 303.321
5.295 9.953 12.0829 0 0
0 0 0 0 0.593187
0.028647 0.00839295
6
438.608 207.861
5.295 9.953 12.0829 0 0
0 0 0 0 0.590704
0.0270585 0.0256066
6
417.496 259.119
5.295 9.953 12.0829 0 0
0 0 0 0 0.587795
0.015183 0.00975549
6
437.515 281.016
5.295 9.953 12.0829 0 0
0 0 0 0 0.590513
0.0233203 0.00864365
6
333.719 41.5743
5.295 9.953 12.0829 0 0
0 0 0 0 0.594774
0.0111461 -0.00462881
6
105.404 401.519
5.295 9.953 12.0829 0 0
0 0 0 0 0.591108
-0.0240726 0.0284982
6
38.0091 168.014
5.295 9.953 12.0829 0 0
0 0 0 0 0.594827
-0.0576589 0.0190952
6
175.995 77.8617
5.295 9.953 12.0829 0 0
0 0 0 0 0.591206
0.0088526 -0.0187327
6
435.108 179.873
5.295 9.953 12.0829 0 0
0 0 0 0 0.590691
0.0141732 0.00835157
6
312.71 428.809
5.295 9.953 12.0829 0 0
0 0 0 0 0.58969
0.0179332 0.0173814
6
34.2976 228.737
5.295 9.953 12.0829 0 0
0 0 0 0 0.595487
-0.0255447 -0.0103411
6
5.86319 249.241
5.295 9.953 12.0829 0 0
0 0 0 0 0.598353
-0.0356932 -0.00767827
6
436.945 357.695
5.295 9.953 12.0829 0 0
0 0 0 0 0.592067
0.00559876 0.0178767
6
444.793 314.398
5.295 9.953 12.0829 0 0
0 0 0 0 0.592133
0.0260194 0.0103524
6
87.8512 379.092
5.295 9.953 12.0829 0 0
0 0 0 0 0.59078
-0.0295926 0.031381
6
407.821 286.658
5.295 9.953 12.0829 0 0
0 0 0 0 0.586843
0.0175519 0.0078888
6
443.796 383.875
5.295 9.953 12.0829 0 0
0 0 0 0 0.592256
0.0377466 0.125483
6
99.2052 79.1929
5.295 9.953 12.0829 0 0
0 0 0 0 0.593069
-0.0294209 -0.0105362
6
66.6158 300.299
5.295 9.953 12.0829 0 0
0 0 0 0 0.591633
-0.029991 -0.00295095
6
284.855 20.4978
5.295 9.953 12.0829 0 0
0 0 0 0 0.596883
0.0211441 -0.0313072
6
196.31 482.944
5.295 9.953 12.0829 0 0
0 0 0 0 0.594431
-0.0122221 0.00592376
6
61.4631 208.726
5.295 9.953 12.0829 0 0
0 0 0 0 0.59171
-0.0161868 -0.0043565
6
369.052 85.4161
5.295 9.953 12.0829 0 0
0 0 0 0 0.59141
-0.00419029 -0.0102993
6
447.775 253.791
5.295 9.953 12.0829 0 0
0 0 0 0 0.591589
0.0265304 0.0211331
6
90.3661 412.767
5.295 9.953 12.0829 0 0
0 0 0 0 0.592401
-0.0282275 0.032356
6
109.275 50.6175
5.295 9.953 12.0829 0 0
0 0 0 0 0.595052
-0.0244101 -0.0328478
6
262.35 60.7431
5.295 9.953 12.0829 0 0
0 0 0 0 0.591379
0.00987881 -0.00954884
6
273.049 480.908
5.295 9.953 12.0829 0 0
0 0 0 0 0.595624
0.0186983 0.0435564
6
156.535 475.159
5.295 9.953 12.0829 0 0
0 0 0 0 0.595099
0.0172446 0.0200234
6
441.325 116.724
5.295 9.953 12.0829 0 0
0 0 0 0 0.593135
0.0425407 -0.0544801
6
297.068 421.598
5.295 9.953 12.0829 0 0
0 0 0 0 0.589379
0.00663749 0.0237917
6
198.101 37.9706
5.295 9.953 12.0829 0 0
0 0 0 0 0.594417
0.000422458 -0.0281008
6
326.129 417.751
5.295 9.953 12.0829 0 0
0 0 0 0 0.588948
0.0141892 0.00710044
6
475.814 230.55
5.295 9.953 12.0829 0 0
0 0 0 0 0.595627
0.0352962 0.00524472
6
385.32 40.3607
5.295 9.953 12.0829 0 0
0 0 0 0 0.595539
0.0537867 -0.00624817
6
49.5471 352.777
5.295 9.953 12.0829 0 0
0 0 0 0 0.593688
-0.0604228 0.0378797
6
447.758 130.783
5.295 9.953 12.0829 0 0
0 0 0 0 0.592324
0.0963062 -0.0564734
6
268.65 13.8998
5.295 9.953 12.0829 0 0
0 0 0 0 0.598417
0.0218584 -0.0553709
6
106.129 418.7
5.295 9.953 12.0829 0 0
0 0 0 0 0.592437
-0.0256018 0.0266569
6
486.005 281.254
5.295 9.953 12.0829 0 0
0 0 0 0 0.597173
0.0413681 0.008168
6
51.4353 235.523
5.295 9.953 12.0829 0 0
0 0 0 0 0.592664
-0.0295317 -0.0115114
6
391.859 424.696
5.295 9.953 12.0829 0 0
0 0 0 0 0.592032
0.0221277 0.0447823
6
12.6668 320.289
5.295 9.953 12.0829 0 0
0 0 0 0 0.597098
-0.0825027 0.00890813
6
130.529 74.5441
5.295 9.953 12.0829 0 0
0 0 0 0 0.592521
-0.0109667 -0.0367261
6
317.955 33.9865
5.295 9.953 12.0829 0 0
0 0 0 0 0.59576
0.0260716 -0.058519
6
160.252 72.9808
5.295 9.953 12.0829 0 0
0 0 0 0 0.591509
0.00641188 -0.0190756
6
353.744 26.9146
5.295 9.953 12.0829 0 0
0 0 0 0 0.596107
0.0194098 -0.0403154
6
70.8129 372.732
5.295 9.953 12.0829 0 0
0 0 0 0 0.592167
-0.0391082 0.0201152
6
215.973 449.956
5.295 9.953 12.0829 0 0
0 0 0 0 0.593066
-0.000139512 -0.0185975
6
272.014 461.803
5.295 9.953 12.0829 0 0
0 0 0 0 0.592903
0.0053758 0.0252485
6
169.217 40.6723
5.295 9.953 12.0829 0 0
0 0 0 0 0.594642
-0.00790725 -0.0169096
6
57.2946 401.944
5.295 9.953 12.0829 0 0
0 0 0 0 0.594153
-0.0358327 0.048905
6
42.9808 276.361
5.295 9.953 12.0829 0 0
0 0 0 0 0.594108
-0.033934 -0.00018125
6
60.2461 129.369
5.295 9.953 12.0829 0 0
0 0 0 0 0.593368
-0.0467053 -0.0214928
6
79.2085 106.503
5.295 9.953 12.0829 0 0
0 0 0 0 0.592375
-0.0977159 -0.0406407
6
382.618 76.3673
5.295 9.953 12.0829 0 0
0 0 0 0 0.593031
0.00342354 0.0164537
6
66.6087 96.5205
5.295 9.953 12.0829 0 0
0 0 0 0 0.593777
-0.0815093 -0.0558324
6
425.4 370.34
5.295 9.953 12.0829 0 0
0 0 0 0 0.591431
-0.00700391 0.000628336
6
205.98 21.5452
5.295 9.953 12.0829 0 0
0 0 0 0 0.597007
0.00221541 -0.0153518
6
209.804 435.492
5.295 9.953 12.0829 0 0
0 0 0 0 0.590535
-0.00614241 0.009847
6
396.23 442.922
5.295 9.953 12.0829 0 0
0 0 0 0 0.593561
-0.0285953 0.0453574
6
41.1869 185.668
5.295 9.953 12.0829 0 0
0 0 0 0 0.59452
-0.0678007 0.0104824
6
5.94063 230.558
5.295 9.953 12.0829 0 0
0 0 0 0 0.598442
-0.0623411 -0.00977236
6
34.904 361.755
5.295 9.953 12.0829 0 0
0 0 0 0 0.594964
-0.0645656 0.0292904
6
424.924 114.622
5.295 9.953 12.0829 0 0
0 0 0 0 0.591509
0.0475644 -0.0384877
6
430.832 248.176
5.295 9.953 12.0829 0 0
0 0 0 0 0.589052
0.0192827 0.0153143
6
125.597 58.146
5.295 9.953 12.0829 0 0
0 0 0 0 0.593746
-0.0236639 -0.0305391
6
158.617 57.8832
5.295 9.953 12.0829 0 0
0 0 0 0 0.593912
0.0159993 -0.0228359
6
174.655 476.229
5.295 9.953 12.0829 0 0
0 0 0 0 0.594642
0.0384501 0.0654965
6
475.834 309.273
5.295 9.953 12.0829 0 0
0 0 0 0 0.595811
0.0283462 0.0132204
6
356.088 454.404
5.295 9.953 12.0829 0 0
0 0 0 0 0.594068
-0.000445705 0.019304
6
258.221 472.997
5.295 9.953 12.0829 0 0
0 0 0 0 0.59424
0.0128697 0.0351509
6
121.014 38.2483
5.295 9.953 12.0829 0 0
0 0 0 0 0.595634
-0.0421585 -0.0637049
6
43.9823 121.636
5.295 9.953 12.0829 0 0
0 0 0 0 0.595584
-0.0488664 -0.0196852
6
315.855 16.4065
5.295 9.953 12.0829 0 0
0 0 0 0 0.597155
0.0202601 -0.0764346
6
26.0244 290.859
5.295 9.953 12.0829 0 0
0 0 0 0 0.595487
-0.00368952 -0.000495137
6
216.131 61.5265
5.295 9.953 12.0829 0 0
0 0 0 0 0.591621
0.0128934 -0.0234285
6
107.23 454.244
5.295 9.953 12.0829 0 0
0 0 0 0 0.595029
-0.0305229 0.0209898
6
482.106 264.364
5.295 9.953 12.0829 0 0
0 0 0 0 0.595668
0.028562 0.010857
6
257.364 491.799
5.295 9.953 12.0829 0 0
0 0 0 0 0.596988
0.0842664 0.0542754
6
409.768 379.316
5.295 9.953 12.0829 0 0
0 0 0 0 0.591505
-0.00367376 0.00628222
6
478.952 247.451
5.295 9.953 12.0829 0 0
0 0 0 0 0.595634
0.0340282 0.00951243
6
476.527 351.201
5.295 9.953 12.0829 0 0
0 0 0 0 0.595228
0.0880467 -0.023909
6
383.853 58.1544
5.295 9.953 12.0829 0 0
0 0 0 0 0.594762
-0.000575863 -0.0100136
6
490.248 298.629
5.295 9.953 12.0829 0 0
0 0 0 0 0.5971
0.0301691 0.0119533
6
369.609 32.7209
5.295 9.953 12.0829 0 0
0 0 0 0 0.596406
0.0435639 -0.0307213
6
433.28 84.274
5.295 9.953 12.0829 0 0
0 0 0 0 0.593781
0.021348 -0.0901484
6
270.556 443.367
5.295 9.953 12.0829 0 0
0 0 0 0 0.591493
0.00175155 0.0242747
6
25.568 273.752
5.295 9.953 12.0829 0 0
0 0 0 0 0.595459
-0.0336213 -0.0135162
6
14.8518 214.839
5.295 9.953 12.0829 0 0
0 0 0 0 0.596885
-0.0549151 -0.0180982
6
39.489 379.077
5.295 9.953 12.0829 0 0
0 0 0 0 0.595485
-0.0302789 0.0356551
6
212.774 490.745
5.295 9.953 12.0829 0 0
0 0 0 0 0.597163
0.00193105 0.0139798
6
140.139 468.415
5.295 9.953 12.0829 0 0
0 0 0 0 0.595317
-0.00715284 0.0229177
6
33.9047 150.655
5.295 9.953 12.0829 0 0
0 0 0 0 0.595021
-0.047371 0.00134515
6
20.4184 162.189
5.295 9.953 12.0829 0 0
0 0 0 0 0.597266
-0.048062 -0.00554695
6
406.882 98.5345
5.295 9.953 12.0829 0 0
0 0 0 0 0.592523
0.0942005 -0.0310049
6
472.83 213.538
5.295 9.953 12.0829 0 0
0 0 0 0 0.594344
0.0319653 -0.00197643
6
314.407 468.337
5.295 9.953 12.0829 0 0
0 0 0 0 0.594554
0.00225947 0.0543181
6
151.774 45.2912
5.295 9.953 12.0829 0 0
0 0 0 0 0.596136
-0.0390392 0.00151703
6
399.038 392.143
5.295 9.953 12.0829 0 0
0 0 0 0 0.590643
-0.0136718 0.000895032
6
95.8561 61.0688
5.295 9.953 12.0829 0 0
0 0 0 0 0.594544
-0.0254189 -0.0237941
6
300.793 457.973
5.295 9.953 12.0829 0 0
0 0 0 0 0.593099
0.0245904 0.0139174
6
16.8504 339.414
5.295 9.953 12.0829 0 0
0 0 0 0 0.597168
-0.0562672 0.0263396
6
200.52 55.2824
5.295 9.953 12.0829 0 0
0 0 0 0 0.593004
0.00416244 -0.0335694
6
241.484 447.98
5.295 9.953 12.0829 0 0
0 0 0 0 0.591504
-0.00410216 0.0292693
6
434.127 264.521
5.295 9.953 12.0829 0 0
0 0 0 0 0.590334
0.0207153 0.011663
6
350.667 44.6204
5.295 9.953 12.0829 0 0
0 0 0 0 0.594959
0.0171532 -0.034238
6
301.093 478.372
5.295 9.953 12.0829 0 0
0 0 0 0 0.59569
0.00151579 0.0436549
6
469.356 196.214
5.295 9.953 12.0829 0 0
0 0 0 0 0.594653
0.0270067 -0.0129353
6
8.99577 284.625
5.295 9.953 12.0829 0 0
0 0 0 0 0.598335
-0.0236302 -0.00767064
6
301.353 26.7996
5.295 9.953 12.0829 0 0
0 0 0 0 0.595642
0.0274477 -0.0358084
6
37.5653 245.295
5.295 9.953 12.0829 0 0
0 0 0 0 0.594048
-0.038362 -0.0120354
6
256.451 26.2822
5.295 9.953 12.0829 0 0
0 0 0 0 0.595491
0.00763678 -0.0500851
6
465.72 337.212
5.295 9.953 12.0829 0 0
0 0 0 0 0.594824
0.0156121 0.0205925
6
123.705 461.633
5.295 9.953 12.0829 0 0
0 0 0 0 0.594831
-0.0222086 0.0224489
6
241.831 17.9618
5.295 9.953 12.0829 0 0
0 0 0 0 0.596865
-0.0130827 -0.0366544
6
200.116 447.857
5.295 9.953 12.0829 0 0
0 0 0 0 0.591913
0.00701828 -0.00913536
6
10.3296 302.234
5.295 9.953 12.0829 0 0
0 0 0 0 0.598432
-0.0771147 -0.0104816
6
74.3901 406.466
5.295 9.953 12.0829 0 0
0 0 0 0 0.59381
-0.0278164 0.027574
6
136.286 46.0085
5.295 9.953 12.0829 0 0
0 0 0 0 0.594149
-0.0445431 -0.0540837
6
327.221 458.344
5.295 9.953 12.0829 0 0
0 0 0 0 0.593506
-0.00136511 0.0548885
6
454.503 286.613
5.295 9.953 12.0829 0 0
0 0 0 0 0.593072
0.0280893 0.0109448
6
297.462 8.0306
5.295 9.953 12.0829 0 0
0 0 0 0 0.598503
0.0376418 -0.0243895
6
480.434 326.557
5.295 9.953 12.0829 0 0
0 0 0 0 0.596026
0.0239542 0.0181538
6
468.701 178.415
5.295 9.953 12.0829 0 0
0 0 0 0 0.594749
0.0508791 -0.0208687
6
422.266 98.1513
5.295 9.953 12.0829 0 0
0 0 0 0 0.592542
0.0906097 -0.0545069
6
232.385 58.4724
5.295 9.953 12.0829 0 0
0 0 0 0 0.5928
0.0394339 0.0464108
6
31.8814 211.97
5.295 9.953 12.0829 0 0
0 0 0 0 0.595557
-0.0389063 -0.00400873
6
465.077 161.235
5.295 9.953 12.0829 0 0
0 0 0 0 0.593873
0.00758862 -0.028691
6
464.863 258.975
5.295 9.953 12.0829 0 0
0 0 0 0 0.59426
0.0300253 0.017446
6
242.845 482.48
5.295 9.953 12.0829 0 0
0 0 0 0 0.59559
0.00587241 0.0509487
6
468.217 275.571
5.295 9.953 12.0829 0 0
0 0 0 0 0.594335
0.0319459 0.0143362
6
496.668 253.79
5.295 9.953 12.0829 0 0
0 0 0 0 0.598549
0.0343651 0.0183346
6
319.964 51.5982
5.295 9.953 12.0829 0 0
0 0 0 0 0.593251
0.00546172 -0.0340628
6
173.074 19.5951
5.295 9.953 12.0829 0 0
0 0 0 0 0.597328
-0.0225073 -0.0784008
6
484.873 184.642
5.295 9.953 12.0829 0 0
0 0 0 0 0.59602
0.0534331 -0.011628
6
376.489 416.361
5.295 9.953 12.0829 0 0
0 0 0 0 0.590972
-0.00998564 0.0266353
6
67.4386 79.804
5.295 9.953 12.0829 0 0
0 0 0 0 0.594774
-0.0542029 -0.069985
6
471.945 292.325
5.295 9.953 12.0829 0 0
0 0 0 0 0.594353
0.0351877 0.0103678
6
192.357 7.26404
5.295 9.953 12.0829 0 0
0 0 0 0 0.598537
0.0126582 -0.0330415
6
107.126 436.275
5.295 9.953 12.0829 0 0
0 0 0 0 0.593373
-0.023894 0.0239661
6
259.092 43.5133
5.295 9.953 12.0829 0 0
0 0 0 0 0.594131
0.0157978 -0.0388802
6
408.653 430.253
5.295 9.953 12.0829 0 0
0 0 0 0 0.593214
0.0210257 0.0429455
6
51.139 157.121
5.295 9.953 12.0829 0 0
0 0 0 0 0.593849
-0.0468964 0.00227753
6
54.2406 368.032
5.295 9.953 12.0829 0 0
0 0 0 0 0.594137
-0.0324624 0.0314992
6
188.301 66.617
5.295 9.953 12.0829 0 0
0 0 0 0 0.592103
0.0045557 -0.0272102
6
66.5232 165.096
5.295 9.953 12.0829 0 0
0 0 0 0 0.591422
-0.0392623 -3.38856e-05
6
58.2324 111.475
5.295 9.953 12.0829 0 0
0 0 0 0 0.594169
-0.0164541 -0.00707403
6
359.623 473.921
5.295 9.953 12.0829 0 0
0 0 0 0 0.595243
0.0296249 0.00772959
6
462.478 143.642
5.295 9.953 12.0829 0 0
0 0 0 0 0.594322
0.115705 -0.0369526
6
368.303 67.7721
5.295 9.953 12.0829 0 0
0 0 0 0 0.592275
0.0134786 -0.0192788
6
30.0995 132.879
5.295 9.953 12.0829 0 0
0 0 0 0 0.596425
-0.0511115 -0.00590665
6
288.221 38.369
5.295 9.953 12.0829 0 0
0 0 0 0 0.594152
0.014584 -0.0289795
6
167.288 442.488
5.295 9.953 12.0829 0 0
0 0 0 0 0.592648
-0.0058186 0.0414573
6
490.149 218.967
5.295 9.953 12.0829 0 0
0 0 0 0 0.597085
0.0366401 0.00397754
6
299.177 439.693
5.295 9.953 12.0829 0 0
0 0 0 0 0.590505
0.0174621 0.0218186
6
288.027 489.986
5.295 9.953 12.0829 0 0
0 0 0 0 0.59702
-0.00163181 0.0599642
6
445.94 145.477
5.295 9.953 12.0829 0 0
0 0 0 0 0.593045
0.0797763 -0.0185703
6
39.9812 261.221
5.295 9.953 12.0829 0 0
0 0 0 0 0.593928
-0.034561 -0.00796819
6
462.143 320.172
5.295 9.953 12.0829 0 0
0 0 0 0 0.593376
0.0241236 0.0125916
6
448.619 331.333
5.295 9.953 12.0829 0 0
0 0 0 0 0.592581
0.0229074 0.0193062
6
330.037 476.799
5.295 9.953 12.0829 0 0
0 0 0 0 0.59601
0.0108145 0.0461495
6
413.991 131.145
5.295 9.953 12.0829 0 0
0 0 0 0 0.590135
0.0223575 -0.0325382
6
339.861 448.791
5.295 9.953 12.0829 0 0
0 0 0 0 0.592743
-0.00926564 0.0423851
6
452.3 349.048
5.295 9.953 12.0829 0 0
0 0 0 0 0.592778
0.0220271 0.0375632
6
26.2978 307.905
5.295 9.953 12.0829 0 0
0 0 0 0 0.59561
-0.100139 0.0187381
6
48.2734 218.967
5.295 9.953 12.0829 0 0
0 0 0 0 0.592738
-0.0251538 -0.0063212
6
304.242 44.7133
5.295 9.953 12.0829 0 0
0 0 0 0 0.594359
0.0170336 -0.0342626
6
234.99 1.52542
5.295 9.953 12.0829 0 0
0 0 0 0 0.599908
-0.0026059 -0.0456942
6
28.8617 326.319
5.295 9.953 12.0829 0 0
0 0 0 0 0.595718
-0.0298429 0.00340777
6
336.403 57.4953
5.295 9.953 12.0829 0 0
0 0 0 0 0.593513
0.00787243 -0.0143205
6
493.276 236.206
5.295 9.953 12.0829 0 0
0 0 0 0 0.597055
0.0360994 0.0118181
6
348.627 435.892
5.295 9.953 12.0829 0 0
0 0 0 0 0.592036
-0.0593818 0.00919642
6
122.591 443.448
5.295 9.953 12.0829 0 0
0 0 0 0 0.59303
-0.0198598 0.0282887
6
452.426 181.653
5.295 9.953 12.0829 0 0
0 0 0 0 0.592569
0.0447062 -0.010284
6
230.509 496.254
5.295 9.953 12.0829 0 0
0 0 0 0 0.597137
0.011562 0.038451
6
426.831 409.647
5.295 9.953 12.0829 0 0
0 0 0 0 0.593943
-0.0084444 0.01284
6
23.0644 256.668
5.295 9.953 12.0829 0 0
0 0 0 0 0.596915
-0.0368882 -0.0209687
6
451.783 196.727
5.295 9.953 12.0829 0 0
0 0 0 0 0.592172
0.0188377 0.00544506
6
253.466 4.35003
5.295 9.953 12.0829 0 0
0 0 0 0 0.598366
0.00160634 -0.046019
6
367.485 50.4142
5.295 9.953 12.0829 0 0
0 0 0 0 0.594202
0.0196827 -0.0260267
6
194.068 432.036
5.295 9.953 12.0829 0 0
0 0 0 0 0.59087
-0.0172346 0.00215364
6
449.018 368.03
5.295 9.953 12.0829 0 0
0 0 0 0 0.593644
0.0424299 -0.00131733
6
20.9771 239.536
5.295 9.953 12.0829 0 0
0 0 0 0 0.596872
-0.0432478 -0.0285509
6
228.44 460.388
5.295 9.953 12.0829 0 0
0 0 0 0 0.592917
0.0290389 0.0164419
6
112.503 68.4087
5.295 9.953 12.0829 0 0
0 0 0 0 0.593363
-0.0290448 -0.0254138
6
45.2269 201.984
5.295 9.953 12.0829 0 0
0 0 0 0 0.594381
-0.0212634 0.0102
6
438.726 100.856
5.295 9.953 12.0829 0 0
0 0 0 0 0.593949
0.0870935 -0.0840758
