500.000000 500.000000
746 0
0 4
6
320.397265 226.316770
5.295000 9.953000 12.082942 0 0
0.000000 0.000000 0.000000 0.000000 0.576540
0.001636 0.003179
6
362.112967 209.529978
5.295000 9.953000 12.082942 0 0
0.000000 0.000000 0.000000 0.000000 0.582682
0.001031 0.002256
6
270.966310 364.536165
5.295000 9.953000 12.082942 0 0
0.000000 0.000000 0.000000 0.000000 0.581523
-0.001417 -0.004520
6
288.402308 214.876265
5.295000 9.953000 12.082942 0 0
0.000000 0.000000 0.000000 0.000000 0.571587
0.000938 0.001400
6
207.394285 263.867738
5.295000 9.953000 12.082942 0 0
0.000000 0.000000 0.000000 0.000000 0.570090
-0.000599 0.001214
6
297.232006 344.454728
5.295000 9.953000 12.082942 0 0
0.000000 0.000000 0.000000 0.000000 0.579679
0.000293 0.012243
6
271.606020 287.283301
5.295000 9.953000 12.082942 0 0
0.000000 0.000000 0.000000 0.000000 0.567975
0.001670 0.003731
6
272.442699 209.124301
5.295000 9.953000 12.082942 0 0
0.000000 0.000000 0.000000 0.000000 0.572431
0.000598 0.001144
6
263.526422 158.766265
5.295000 9.953000 12.082942 0 0
0.000000 0.000000 0.000000 0.000000 0.579873
-0.000152 0.000145
6
214.566330 219.390345
5.295000 9.953000 12.082942 0 0
0.000000 0.000000 0.000000 0.000000 0.571739
-0.000298 0.000726
6
200.119499 308.443673
5.295000 9.953000 12.082942 0 0
0.000000 0.000000 0.000000 0.000000 0.574759
0.000936 0.001150
6
245.396569 309.310613
5.295000 9.953000 12.082942 0 0
0.000000 0.000000 0.000000 0.000000 0.571187
0.001704 0.003172
6
195.698903 196.721955
5.295000 9.953000 12.082942 0 0
0.000000 0.000000 0.000000 0.000000 0.576975
-0.000893 0.001211
6
187.111438 146.421453
5.295000 9.953000 12.082942 0 0
0.000000 0.000000 0.000000 0.000000 0.583376
-0.000839 -0.001500
6
371.907245 181.655385
5.295000 9.953000 12.082942 0 0
0.000000 0.000000 0.000000 0.000000 0.584823
0.001580 0.005082
6
292.272839 153.450574
5.295000 9.953000 12.082942 0 0
0.000000 0.000000 0.000000 0.000000 0.580928
0.000240 -0.000172
6
192.425529 353.040961
5.295000 9.953000 12.082942 0 0
0.000000 0.000000 0.000000 0.000000 0.581802
0.001467 0.001549
6
213.266638 297.552783
5.295000 9.953000 12.082942 0 0
0.000000 0.000000 0.000000 0.000000 0.571930
0.000708 0.001916
6
336.832888 153.791352
5.295000 9.953000 12.082942 0 0
0.000000 0.000000 0.000000 0.000000 0.583410
0.001524 -0.004613
6
278.522265 242.693436
5.295000 9.953000 12.082942 0 0
0.000000 0.000000 0.000000 0.000000 0.563240
0.001254 0.001569
6
356.672247 97.700349
5.295000 9.953000 12.082942 0 0
0.000000 0.000000 0.000000 0.000000 0.590062
-0.004418 -0.018298
6
359.205162 271.167699
5.295000 9.953000 12.082942 0 0
0.000000 0.000000 0.000000 0.000000 0.580404
0.005474 0.006350
6
231.817047 147.214528
5.295000 9.953000 12.082942 0 0
0.000000 0.000000 0.000000 0.000000 0.581348
0.000099 -0.000113
6
191.382130 257.895478
5.295000 9.953000 12.082942 0 0
0.000000 0.000000 0.000000 0.000000 0.572136
-0.000505 0.000669
6
252.491696 264.679914
5.295000 9.953000 12.082942 0 0
0.000000 0.000000 0.000000 0.378980 0.558398
0.000883 0.001851
6
259.489051 220.129226
5.295000 9.953000 12.082942 0 0
0.000000 0.000000 0.000000 0.000000 0.566019
0.000508 0.001157
6
239.434578 275.659449
5.295000 9.953000 12.082942 0 0
0.000000 0.000000 0.000000 0.508091 0.563310
0.000709 0.002298
6
226.364159 286.640643
5.295000 9.953000 12.082942 0 0
0.000000 0.000000 0.000000 0.000000 0.568376
0.000643 0.002170
6
371.611396 260.327087
5.295000 9.953000 12.082942 0 0
0.000000 0.000000 0.000000 0.000000 0.582789
0.005311 0.001610
6
184.105988 302.452912
5.295000 9.953000 12.082942 0 0
0.000000 0.000000 0.000000 0.000000 0.577262
0.000362 0.000600
6
308.117998 159.176966
5.295000 9.953000 12.082942 0 0
0.000000 0.000000 0.000000 0.000000 0.581477
-0.000978 0.001052
1
233.492152 242.052658
5.295000 9.953000 12.082942 0 0
0.100000 2.650000 0.000000 2.511875 0.559071
-0.000331 0.001263
6
323.601815 243.157249
5.295000 9.953000 12.082942 0 0
0.000000 0.000000 0.000000 0.000000 0.575615
0.002281 0.003633
6
139.087332 300.873835
5.295000 9.953000 12.082942 0 0
0.000000 0.000000 0.000000 0.000000 0.583373
-0.000997 -0.000240
6
281.601155 259.473317
5.295000 9.953000 12.082942 0 0
0.000000 0.000000 0.000000 0.000000 0.565624
0.001367 0.002675
6
201.517339 230.264392
5.295000 9.953000 12.082942 0 0
0.000000 0.000000 0.000000 0.000000 0.570746
-0.001124 0.000947
6
172.393728 235.141872
5.295000 9.953000 12.082942 0 0
0.000000 0.000000 0.000000 0.000000 0.576458
-0.001599 0.001024
6
291.474568 231.664780
5.295000 9.953000 12.082942 0 0
0.000000 0.000000 0.000000 0.000000 0.570408
0.001553 0.001730
6
221.744034 174.935962
5.295000 9.953000 12.082942 0 0
0.000000 0.000000 0.000000 0.000000 0.577334
-0.000324 0.000455
6
223.407777 269.795437
5.295000 9.953000 12.082942 0 0
0.000000 0.000000 0.000000 0.078520 0.563968
0.000008 0.001550
6
192.828777 179.947444
5.295000 9.953000 12.082942 0 0
0.000000 0.000000 0.000000 0.000000 0.579286
-0.000236 0.000837
6
306.999624 315.727313
5.295000 9.953000 12.082942 0 0
0.000000 0.000000 0.000000 0.000000 0.576810
-0.000093 0.006692
6
339.669022 249.018893
5.295000 9.953000 12.082942 0 0
0.000000 0.000000 0.000000 0.000000 0.577255
0.001956 0.005129
6
188.443275 241.099625
5.295000 9.953000 12.082942 0 0
0.000000 0.000000 0.000000 0.000000 0.574326
-0.000945 0.000646
6
168.140884 296.373008
5.295000 9.953000 12.082942 0 0
0.000000 0.000000 0.000000 0.000000 0.579088
0.000051 0.000195
6
300.802622 281.961028
5.295000 9.953000 12.082942 0 0
0.000000 0.000000 0.000000 0.000000 0.573373
0.001848 0.003204
6
156.267744 229.305578
5.295000 9.953000 12.082942 0 0
0.000000 0.000000 0.000000 0.000000 0.579863
-0.000778 0.001199
6
297.742368 265.220367
5.295000 9.953000 12.082942 0 0
0.000000 0.000000 0.000000 0.000000 0.569253
0.002163 0.002758
6
295.254874 170.246800
5.295000 9.953000 12.082942 0 0
0.000000 0.000000 0.000000 0.000000 0.578457
0.000085 0.000522
6
178.292246 268.687213
5.295000 9.953000 12.082942 0 0
0.000000 0.000000 0.000000 0.000000 0.576181
-0.000876 0.000504
6
176.378416 347.172435
5.295000 9.953000 12.082942 0 0
0.000000 0.000000 0.000000 0.000000 0.582069
0.000366 0.001043
6
185.516091 224.333738
5.295000 9.953000 12.082942 0 0
0.000000 0.000000 0.000000 0.000000 0.575387
-0.001012 0.001166
6
284.663913 276.245981
5.295000 9.953000 12.082942 0 0
0.000000 0.000000 0.000000 0.000000 0.567864
0.001534 0.002598
2
249.494442 247.890695
5.295000 9.953000 12.082942 0 0
0.100000 0.000000 0.000000 1.842165 0.557165
0.000440 0.001505
6
274.688944 304.122844
5.295000 9.953000 12.082942 0 0
0.000000 0.000000 0.000000 0.000000 0.572404
0.002210 0.004177
6
227.584609 208.482453
5.295000 9.953000 12.082942 0 0
0.000000 0.000000 0.000000 0.000000 0.572369
-0.000587 0.000797
6
228.041450 380.084654
5.295000 9.953000 12.082942 0 0
0.000000 0.000000 0.000000 0.000000 0.584142
-0.001032 -0.013219
6
294.594420 248.451589
5.295000 9.953000 12.082942 0 0
0.000000 0.000000 0.000000 0.000000 0.569438
0.002436 0.002119
6
243.531783 214.320088
5.295000 9.953000 12.082942 0 0
0.000000 0.000000 0.000000 0.000000 0.568761
0.000112 0.000634
6
327.059053 181.634935
5.295000 9.953000 12.082942 0 0
0.000000 0.000000 0.000000 0.000000 0.579766
0.000810 0.001040
6
266.475923 175.554046
5.295000 9.953000 12.082942 0 0
0.000000 0.000000 0.000000 0.000000 0.576976
0.000047 0.000525
6
218.849962 158.168414
5.295000 9.953000 12.082942 0 0
0.000000 0.000000 0.000000 0.000000 0.580639
0.000083 0.000385
6
301.308964 203.815404
5.295000 9.953000 12.082942 0 0
0.000000 0.000000 0.000000 0.000000 0.575561
0.000727 0.001622
6
211.641998 202.615432
5.295000 9.953000 12.082942 0 0
0.000000 0.000000 0.000000 0.000000 0.573381
-0.000461 0.000869
6
189.965224 163.184009
5.295000 9.953000 12.082942 0 0
0.000000 0.000000 0.000000 0.000000 0.581241
-0.000440 0.000604
6
204.453873 247.054919
5.295000 9.953000 12.082942 0 0
0.000000 0.000000 0.000000 0.000000 0.569941
-0.000916 0.000887
6
217.506145 236.176095
5.295000 9.953000 12.082942 0 0
0.000000 0.000000 0.000000 0.000324 0.568368
-0.000203 0.000856
6
230.531312 225.263505
5.295000 9.953000 12.082942 0 0
0.000000 0.000000 0.000000 0.014677 0.566499
-0.000628 0.000819
6
269.446428 192.339083
5.295000 9.953000 12.082942 0 0
0.000000 0.000000 0.000000 0.000000 0.573624
0.000078 0.000531
6
140.534638 223.199847
5.295000 9.953000 12.082942 0 0
0.000000 0.000000 0.000000 0.000000 0.581178
-0.001808 0.001085
6
251.163550 342.795410
5.295000 9.953000 12.082942 0 0
0.000000 0.000000 0.000000 0.000000 0.578368
0.001602 0.001525
6
157.737020 324.081850
5.295000 9.953000 12.082942 0 0
0.000000 0.000000 0.000000 0.000000 0.582191
-0.000068 0.000754
6
232.323465 320.510423
5.295000 9.953000 12.082942 0 0
0.000000 0.000000 0.000000 0.000000 0.575421
0.001572 0.002689
6
149.307989 273.268193
5.295000 9.953000 12.082942 0 0
0.000000 0.000000 0.000000 0.000000 0.580949
-0.000323 0.000604
6
165.624582 375.129050
5.295000 9.953000 12.082942 0 0
0.000000 0.000000 0.000000 0.000000 0.585663
-0.001084 0.004578
6
141.803693 317.823053
5.295000 9.953000 12.082942 0 0
0.000000 0.000000 0.000000 0.000000 0.582658
-0.000972 0.000612
6
268.559364 270.479013
5.295000 9.953000 12.082942 0 0
0.000000 0.000000 0.000000 0.000000 0.563558
0.001657 0.002000
6
152.203238 290.197976
5.295000 9.953000 12.082942 0 0
0.000000 0.000000 0.000000 0.000000 0.580382
-0.000637 -0.000125
6
303.873413 298.786005
5.295000 9.953000 12.082942 0 0
0.000000 0.000000 0.000000 0.000000 0.574456
0.000717 0.004794
6
314.192066 192.733008
5.295000 9.953000 12.082942 0 0
0.000000 0.000000 0.000000 0.000000 0.577782
0.000428 0.001937
6
246.506014 231.103857
5.295000 9.953000 12.082942 0 0
0.000000 0.000000 0.000000 0.412907 0.561921
0.000481 0.000966
6
290.861243 309.967301
5.295000 9.953000 12.082942 0 0
0.000000 0.000000 0.000000 0.000000 0.574442
0.001741 0.006031
6
258.520949 298.282553
5.295000 9.953000 12.082942 0 0
0.000000 0.000000 0.000000 0.000000 0.568733
0.001479 0.003156
6
210.331695 280.701405
5.295000 9.953000 12.082942 0 0
0.000000 0.000000 0.000000 0.000000 0.570262
-0.000118 0.001244
6
326.962100 260.018538
5.295000 9.953000 12.082942 0 0
0.000000 0.000000 0.000000 0.000000 0.575510
0.003598 0.003493
6
208.737936 185.845160
5.295000 9.953000 12.082942 0 0
0.000000 0.000000 0.000000 0.000000 0.577244
-0.000347 0.000607
6
275.466478 225.909343
5.295000 9.953000 12.082942 0 0
0.000000 0.000000 0.000000 0.000000 0.568138
0.000773 0.001319
6
134.840996 189.461056
5.295000 9.953000 12.082942 0 0
0.000000 0.000000 0.000000 0.000000 0.584248
-0.004927 0.001093
6
307.519768 237.404959
5.295000 9.953000 12.082942 0 0
0.000000 0.000000 0.000000 0.000000 0.572473
0.001998 0.002765
6
237.640023 180.762835
5.295000 9.953000 12.082942 0 0
0.000000 0.000000 0.000000 0.000000 0.575348
-0.000081 0.000383
6
255.497257 281.478209
5.295000 9.953000 12.082942 0 0
0.000000 0.000000 0.000000 0.000000 0.565898
0.000856 0.002914
6
234.721430 163.988212
5.295000 9.953000 12.082942 0 0
0.000000 0.000000 0.000000 0.000000 0.578461
-0.000119 0.000216
6
311.141654 175.957502
5.295000 9.953000 12.082942 0 0
0.000000 0.000000 0.000000 0.000000 0.579855
0.000144 0.000718
1
236.460938 258.849432
5.295000 9.953000 12.082942 0 0
0.100000 2.650000 0.000000 2.210990 0.558089
0.000139 0.001359
6
198.595920 213.489978
5.295000 9.953000 12.082942 0 0
0.000000 0.000000 0.000000 0.000000 0.574718
-0.001044 0.000864
6
155.003046 307.135459
5.295000 9.953000 12.082942 0 0
0.000000 0.000000 0.000000 0.000000 0.580958
-0.000258 0.000229
6
329.401901 355.665186
5.295000 9.953000 12.082942 0 0
0.000000 0.000000 0.000000 0.000000 0.582800
-0.003281 0.003873
6
194.314411 274.724364
5.295000 9.953000 12.082942 0 0
0.000000 0.000000 0.000000 0.000000 0.573001
-0.000159 0.000751
6
131.048345 345.320390
5.295000 9.953000 12.082942 0 0
0.000000 0.000000 0.000000 0.000000 0.585568
-0.004324 0.003251
6
248.362707 326.113343
5.295000 9.953000 12.082942 0 0
0.000000 0.000000 0.000000 0.000000 0.575258
0.001962 0.002655
6
189.707685 336.212350
5.295000 9.953000 12.082942 0 0
0.000000 0.000000 0.000000 0.000000 0.580224
0.000988 0.000517
6
242.413451 292.481071
5.295000 9.953000 12.082942 0 0
0.000000 0.000000 0.000000 0.000000 0.568787
0.001324 0.002584
6
261.568673 315.080158
5.295000 9.953000 12.082942 0 0
0.000000 0.000000 0.000000 0.000000 0.573667
0.001765 0.003850
6
181.238152 285.561480
5.295000 9.953000 12.082942 0 0
0.000000 0.000000 0.000000 0.000000 0.575515
-0.000216 0.000409
6
285.367790 198.090546
5.295000 9.953000 12.082942 0 0
0.000000 0.000000 0.000000 0.000000 0.574962
0.000514 0.001136
6
316.950688 287.590577
5.295000 9.953000 12.082942 0 0
0.000000 0.000000 0.000000 0.000000 0.574992
0.000032 0.003305
6
317.272233 209.511923
5.295000 9.953000 12.082942 0 0
0.000000 0.000000 0.000000 0.000000 0.576802
0.000596 0.001865
6
169.492481 218.421866
5.295000 9.953000 12.082942 0 0
0.000000 0.000000 0.000000 0.000000 0.578984
-0.001551 0.001738
6
170.943716 313.296739
5.295000 9.953000 12.082942 0 0
0.000000 0.000000 0.000000 0.000000 0.579248
0.000420 0.000528
6
163.858634 184.793991
5.295000 9.953000 12.082942 0 0
0.000000 0.000000 0.000000 0.000000 0.581096
-0.001578 0.001431
6
165.264368 279.459861
5.295000 9.953000 12.082942 0 0
0.000000 0.000000 0.000000 0.000000 0.578093
-0.000406 0.000014
6
304.386925 220.604140
5.295000 9.953000 12.082942 0 0
0.000000 0.000000 0.000000 0.000000 0.573371
0.000972 0.001934
6
247.670780 153.000933
5.295000 9.953000 12.082942 0 0
0.000000 0.000000 0.000000 0.000000 0.579741
-0.000068 -0.000025
6
220.455316 252.976158
5.295000 9.953000 12.082942 0 0
0.000000 0.000000 0.000000 0.195463 0.562926
-0.000020 0.001043
6
150.790322 195.549794
5.295000 9.953000 12.082942 0 0
0.000000 0.000000 0.000000 0.000000 0.581462
0.000839 0.001104
6
175.343063 251.885803
5.295000 9.953000 12.082942 0 0
0.000000 0.000000 0.000000 0.000000 0.576036
-0.001441 0.000472
6
287.739109 293.065030
5.295000 9.953000 12.082942 0 0
0.000000 0.000000 0.000000 0.000000 0.571651
0.001479 0.004474
6
173.691657 330.229535
5.295000 9.953000 12.082942 0 0
0.000000 0.000000 0.000000 0.000000 0.581099
0.000617 0.000688
6
282.363310 181.304437
5.295000 9.953000 12.082942 0 0
0.000000 0.000000 0.000000 0.000000 0.576424
0.000061 0.000584
6
352.382585 237.578562
5.295000 9.953000 12.082942 0 0
0.000000 0.000000 0.000000 0.000000 0.580352
0.001111 0.004670
6
197.245241 118.754058
5.295000 9.953000 12.082942 0 0
0.000000 0.000000 0.000000 0.000000 0.586111
-0.001367 -0.003412
6
123.208635 294.614564
5.295000 9.953000 12.082942 0 0
0.000000 0.000000 0.000000 0.000000 0.584162
-0.002324 -0.000747
6
256.502590 203.345379
5.295000 9.953000 12.082942 0 0
0.000000 0.000000 0.000000 0.000000 0.571246
-0.000006 0.000602
6
202.980402 152.315387
5.295000 9.953000 12.082942 0 0
0.000000 0.000000 0.000000 0.000000 0.581090
-0.000274 -0.000306
6
384.875341 170.442242
5.295000 9.953000 12.082942 0 0
0.000000 0.000000 0.000000 0.000000 0.586325
0.008224 -0.012466
6
219.166176 331.192347
5.295000 9.953000 12.082942 0 0
0.000000 0.000000 0.000000 0.000000 0.578069
0.001345 0.001797
6
216.202941 314.397709
5.295000 9.953000 12.082942 0 0
0.000000 0.000000 0.000000 0.000000 0.575118
0.001392 0.001738
6
349.233149 220.757786
5.295000 9.953000 12.082942 0 0
0.000000 0.000000 0.000000 0.000000 0.579319
0.000362 0.003221
6
262.498190 236.912336
5.295000 9.953000 12.082942 0 0
0.000000 0.000000 0.000000 0.000000 0.563670
0.000850 0.001054
6
205.853435 169.078668
5.295000 9.953000 12.082942 0 0
0.000000 0.000000 0.000000 0.000000 0.579899
-0.000123 0.000847
6
310.730689 254.203106
5.295000 9.953000 12.082942 0 0
0.000000 0.000000 0.000000 0.000000 0.573643
0.002275 0.002518
6
142.803250 240.352511
5.295000 9.953000 12.082942 0 0
0.000000 0.000000 0.000000 0.000000 0.580921
-0.002204 0.001763
6
240.576551 197.540082
5.295000 9.953000 12.082942 0 0
0.000000 0.000000 0.000000 0.000000 0.573287
0.000055 0.000591
2
265.526373 253.696781
5.295000 9.953000 12.082942 0 0
0.100000 0.000000 0.000000 0.000000 0.557965
0.001219 0.002134
6
147.044854 351.735143
5.295000 9.953000 12.082942 0 0
0.000000 0.000000 0.000000 0.000000 0.585428
-0.001405 0.002592
6
253.539546 186.563686
5.295000 9.953000 12.082942 0 0
0.000000 0.000000 0.000000 0.000000 0.575131
0.000053 0.000542
6
133.473329 266.693818
5.295000 9.953000 12.082942 0 0
0.000000 0.000000 0.000000 0.000000 0.582123
-0.001926 -0.000558
6
335.965930 309.849171
5.295000 9.953000 12.082942 0 0
0.000000 0.000000 0.000000 0.000000 0.579297
-0.001709 0.004940
6
283.456341 102.938187
5.295000 9.953000 12.082942 0 0
0.000000 0.000000 0.000000 0.000000 0.586682
0.001595 -0.007618
6
181.797683 381.125932
5.295000 9.953000 12.082942 0 0
0.000000 0.000000 0.000000 0.000000 0.585477
-0.001672 0.002861
6
346.115097 203.992977
5.295000 9.953000 12.082942 0 0
0.000000 0.000000 0.000000 0.000000 0.580345
0.000895 0.002695
6
166.700507 201.593115
5.295000 9.953000 12.082942 0 0
0.000000 0.000000 0.000000 0.000000 0.579608
-0.001037 0.001337
6
229.330226 303.529715
5.295000 9.953000 12.082942 0 0
0.000000 0.000000 0.000000 0.000000 0.572497
0.001066 0.002874
6
195.203505 369.832163
5.295000 9.953000 12.082942 0 0
0.000000 0.000000 0.000000 0.000000 0.582918
-0.000013 -0.000512
6
213.079385 124.618016
5.295000 9.953000 12.082942 0 0
0.000000 0.000000 0.000000 0.000000 0.584312
-0.000773 -0.002370
6
267.902648 348.258169
5.295000 9.953000 12.082942 0 0
0.000000 0.000000 0.000000 0.000000 0.578614
0.002495 0.000804
6
186.924684 319.342781
5.295000 9.953000 12.082942 0 0
0.000000 0.000000 0.000000 0.000000 0.578143
0.000836 0.000842
6
205.854383 342.024322
5.295000 9.953000 12.082942 0 0
0.000000 0.000000 0.000000 0.000000 0.579993
0.000909 0.000805
6
337.070685 389.083558
5.295000 9.953000 12.082942 0 0
0.000000 0.000000 0.000000 0.000000 0.586298
0.008555 -0.002488
6
426.529334 308.468001
5.295000 9.953000 12.082942 0 0
0.000000 0.000000 0.000000 0.000000 0.589540
0.005732 0.008962
6
213.494048 45.336907
5.295000 9.953000 12.082942 0 0
0.000000 0.000000 0.000000 0.000000 0.594170
0.003038 -0.024012
6
313.988175 270.952277
5.295000 9.953000 12.082942 0 0
0.000000 0.000000 0.000000 0.000000 0.574298
0.001291 0.003731
6
333.129355 292.887645
5.295000 9.953000 12.082942 0 0
0.000000 0.000000 0.000000 0.000000 0.578538
-0.001500 0.003739
6
277.833626 321.024780
5.295000 9.953000 12.082942 0 0
0.000000 0.000000 0.000000 0.000000 0.575842
0.002652 0.005989
6
197.234164 291.583768
5.295000 9.953000 12.082942 0 0
0.000000 0.000000 0.000000 0.000000 0.574891
0.000234 0.000943
6
176.924857 174.006128
5.295000 9.953000 12.082942 0 0
0.000000 0.000000 0.000000 0.000000 0.580984
-0.000192 0.000354
6
121.591607 389.428515
5.295000 9.953000 12.082942 0 0
0.000000 0.000000 0.000000 0.000000 0.589094
-0.009732 0.013446
6
145.957473 256.396027
5.295000 9.953000 12.082942 0 0
0.000000 0.000000 0.000000 0.000000 0.580678
-0.000950 0.000342
6
343.010339 187.256513
5.295000 9.953000 12.082942 0 0
0.000000 0.000000 0.000000 0.000000 0.581745
0.001013 0.000646
6
121.761427 200.153649
5.295000 9.953000 12.082942 0 0
0.000000 0.000000 0.000000 0.000000 0.584817
0.002071 0.000854
6
336.407062 232.029457
5.295000 9.953000 12.082942 0 0
0.000000 0.000000 0.000000 0.000000 0.577513
0.001036 0.003658
6
224.655176 191.706957
5.295000 9.953000 12.082942 0 0
0.000000 0.000000 0.000000 0.000000 0.574153
-0.000472 0.000618
6
305.133659 142.365957
5.295000 9.953000 12.082942 0 0
0.000000 0.000000 0.000000 0.000000 0.582594
-0.001163 -0.000852
6
365.228917 226.302459
5.295000 9.953000 12.082942 0 0
0.000000 0.000000 0.000000 0.000000 0.581923
0.001165 0.003500
6
159.227861 245.889525
5.295000 9.953000 12.082942 0 0
0.000000 0.000000 0.000000 0.000000 0.579299
-0.000871 0.000736
6
250.596549 169.782262
5.295000 9.953000 12.082942 0 0
0.000000 0.000000 0.000000 0.000000 0.578311
-0.000076 0.000295
6
162.221280 262.578933
5.295000 9.953000 12.082942 0 0
0.000000 0.000000 0.000000 0.000000 0.577802
-0.000297 0.000403
6
211.587580 375.105550
5.295000 9.953000 12.082942 0 0
0.000000 0.000000 0.000000 0.000000 0.583161
0.003089 0.002793
6
222.242567 347.787041
5.295000 9.953000 12.082942 0 0
0.000000 0.000000 0.000000 0.000000 0.578940
0.000381 -0.001625
6
179.777541 190.783839
5.295000 9.953000 12.082942 0 0
0.000000 0.000000 0.000000 0.000000 0.579186
-0.000365 0.001664
6
202.985232 325.273457
5.295000 9.953000 12.082942 0 0
0.000000 0.000000 0.000000 0.000000 0.577331
0.001250 0.001042
6
182.623851 207.573350
5.295000 9.953000 12.082942 0 0
0.000000 0.000000 0.000000 0.000000 0.577105
-0.000694 0.001070
6
298.266382 187.032608
5.295000 9.953000 12.082942 0 0
0.000000 0.000000 0.000000 0.000000 0.577054
0.000201 0.001139
6
260.593712 141.974234
5.295000 9.953000 12.082942 0 0
0.000000 0.000000 0.000000 0.000000 0.581203
-0.000095 -0.000519
6
174.076441 157.243148
5.295000 9.953000 12.082942 0 0
0.000000 0.000000 0.000000 0.000000 0.583041
-0.001113 -0.000307
6
294.069893 327.008545
5.295000 9.953000 12.082942 0 0
0.000000 0.000000 0.000000 0.000000 0.577171
0.001395 0.007478
6
330.141359 198.394632
5.295000 9.953000 12.082942 0 0
0.000000 0.000000 0.000000 0.000000 0.579956
0.000193 0.002012
6
343.223863 266.338844
5.295000 9.953000 12.082942 0 0
0.000000 0.000000 0.000000 0.000000 0.578770
0.001872 0.006495
6
235.376755 337.767715
5.295000 9.953000 12.082942 0 0
0.000000 0.000000 0.000000 0.000000 0.577160
0.001576 0.003828
6
248.004481 401.597467
5.295000 9.953000 12.082942 0 0
0.000000 0.000000 0.000000 0.000000 0.586356
-0.004057 0.017898
6
323.035243 321.411768
5.295000 9.953000 12.082942 0 0
0.000000 0.000000 0.000000 0.000000 0.579739
-0.001905 0.006564
6
384.276236 248.348827
5.295000 9.953000 12.082942 0 0
0.000000 0.000000 0.000000 0.000000 0.584081
0.000381 0.001212
6
264.625215 331.814231
5.295000 9.953000 12.082942 0 0
0.000000 0.000000 0.000000 0.000000 0.577016
0.002782 0.002770
6
281.144838 337.991366
5.295000 9.953000 12.082942 0 0
0.000000 0.000000 0.000000 0.000000 0.577843
0.001689 0.006932
6
160.408085 341.049737
5.295000 9.953000 12.082942 0 0
0.000000 0.000000 0.000000 0.000000 0.582965
-0.000236 0.001281
6
401.050536 175.795851
5.295000 9.953000 12.082942 0 0
0.000000 0.000000 0.000000 0.000000 0.588301
0.012180 -0.010280
6
127.657441 234.125243
5.295000 9.953000 12.082942 0 0
0.000000 0.000000 0.000000 0.000000 0.583582
-0.001881 0.002206
6
129.170653 155.842379
5.295000 9.953000 12.082942 0 0
0.000000 0.000000 0.000000 0.000000 0.587027
-0.009667 0.003627
6
375.027818 198.281917
5.295000 9.953000 12.082942 0 0
0.000000 0.000000 0.000000 0.000000 0.584256
0.001850 0.000298
6
323.994069 164.881715
5.295000 9.953000 12.082942 0 0
0.000000 0.000000 0.000000 0.000000 0.581656
-0.000177 0.001781
6
339.909849 170.545955
5.295000 9.953000 12.082942 0 0
0.000000 0.000000 0.000000 0.000000 0.581670
-0.000386 0.003397
6
310.088450 332.913667
5.295000 9.953000 12.082942 0 0
0.000000 0.000000 0.000000 0.000000 0.579892
-0.001693 0.010052
6
208.603980 358.616920
5.295000 9.953000 12.082942 0 0
0.000000 0.000000 0.000000 0.000000 0.581194
-0.001198 -0.000169
6
279.386017 164.515026
5.295000 9.953000 12.082942 0 0
0.000000 0.000000 0.000000 0.000000 0.578766
-0.000036 0.000486
6
254.377932 358.608879
5.295000 9.953000 12.082942 0 0
0.000000 0.000000 0.000000 0.000000 0.579894
0.000259 -0.003959
6
355.606788 254.433689
5.295000 9.953000 12.082942 0 0
0.000000 0.000000 0.000000 0.000000 0.580115
0.000960 0.001701
6
315.081805 114.382072
5.295000 9.953000 12.082942 0 0
0.000000 0.000000 0.000000 0.000000 0.586327
0.007962 -0.008269
6
125.874716 311.536346
5.295000 9.953000 12.082942 0 0
0.000000 0.000000 0.000000 0.000000 0.584864
-0.002709 0.000922
6
118.379436 260.404317
5.295000 9.953000 12.082942 0 0
0.000000 0.000000 0.000000 0.000000 0.584751
-0.001207 -0.000813
6
326.087345 338.599465
5.295000 9.953000 12.082942 0 0
0.000000 0.000000 0.000000 0.000000 0.580712
-0.003675 0.007484
6
147.944235 178.750856
5.295000 9.953000 12.082942 0 0
0.000000 0.000000 0.000000 0.000000 0.583828
0.001275 0.000578
6
200.113778 135.547404
5.295000 9.953000 12.082942 0 0
0.000000 0.000000 0.000000 0.000000 0.583477
-0.000989 -0.001877
6
284.442955 355.326981
5.295000 9.953000 12.082942 0 0
0.000000 0.000000 0.000000 0.000000 0.580452
0.000381 0.009797
6
171.241606 140.475682
5.295000 9.953000 12.082942 0 0
0.000000 0.000000 0.000000 0.000000 0.583981
-0.000931 -0.002189
6
163.029707 358.060267
5.295000 9.953000 12.082942 0 0
0.000000 0.000000 0.000000 0.000000 0.583802
-0.000532 0.002129
6
381.216196 231.653307
5.295000 9.953000 12.082942 0 0
0.000000 0.000000 0.000000 0.000000 0.584181
0.000728 0.002652
6
333.252431 215.180497
5.295000 9.953000 12.082942 0 0
0.000000 0.000000 0.000000 0.000000 0.578552
0.000948 0.003228
6
320.972379 148.087514
5.295000 9.953000 12.082942 0 0
0.000000 0.000000 0.000000 0.000000 0.583774
0.003671 -0.003353
6
364.663714 303.533649
5.295000 9.953000 12.082942 0 0
0.000000 0.000000 0.000000 0.000000 0.582781
-0.001292 0.002939
6
153.611893 212.394103
5.295000 9.953000 12.082942 0 0
0.000000 0.000000 0.000000 0.000000 0.580299
-0.000561 0.002027
6
124.689625 217.025258
5.295000 9.953000 12.082942 0 0
0.000000 0.000000 0.000000 0.000000 0.584063
-0.000590 0.001032
6
168.436257 123.713190
5.295000 9.953000 12.082942 0 0
0.000000 0.000000 0.000000 0.000000 0.586469
0.002715 0.001789
6
407.260778 209.010864
5.295000 9.953000 12.082942 0 0
0.000000 0.000000 0.000000 0.000000 0.587199
0.007090 -0.000052
6
319.999209 304.369480
5.295000 9.953000 12.082942 0 0
0.000000 0.000000 0.000000 0.000000 0.576815
-0.001217 0.005304
6
276.431581 147.717452
5.295000 9.953000 12.082942 0 0
0.000000 0.000000 0.000000 0.000000 0.581432
-0.000046 -0.000389
6
378.130249 214.956549
5.295000 9.953000 12.082942 0 0
0.000000 0.000000 0.000000 0.000000 0.583432
0.001350 0.002299
6
365.624828 148.404240
5.295000 9.953000 12.082942 0 0
0.000000 0.000000 0.000000 0.000000 0.586452
0.001048 0.009870
6
107.334682 288.394201
5.295000 9.953000 12.082942 0 0
0.000000 0.000000 0.000000 0.000000 0.586355
-0.005627 -0.000175
6
346.640416 125.892887
5.295000 9.953000 12.082942 0 0
0.000000 0.000000 0.000000 0.000000 0.586735
0.018055 -0.020162
6
393.424227 297.523689
5.295000 9.953000 12.082942 0 0
0.000000 0.000000 0.000000 0.000000 0.585884
-0.002085 0.001428
6
214.676876 391.573514
5.295000 9.953000 12.082942 0 0
0.000000 0.000000 0.000000 0.000000 0.585628
-0.005202 0.000180
6
289.318194 136.637874
5.295000 9.953000 12.082942 0 0
0.000000 0.000000 0.000000 0.000000 0.582972
0.000555 -0.001496
6
136.310135 283.874882
5.295000 9.953000 12.082942 0 0
0.000000 0.000000 0.000000 0.000000 0.582554
-0.001442 0.000112
6
179.056373 364.143564
5.295000 9.953000 12.082942 0 0
0.000000 0.000000 0.000000 0.000000 0.583964
0.000515 0.002009
6
137.709018 206.290277
5.295000 9.953000 12.082942 0 0
0.000000 0.000000 0.000000 0.000000 0.583250
-0.002990 0.002393
6
161.013253 168.014501
5.295000 9.953000 12.082942 0 0
0.000000 0.000000 0.000000 0.000000 0.582839
-0.001986 -0.000565
6
194.371385 101.918722
5.295000 9.953000 12.082942 0 0
0.000000 0.000000 0.000000 0.000000 0.587313
0.001855 -0.002402
6
355.877424 176.145535
5.295000 9.953000 12.082942 0 0
0.000000 0.000000 0.000000 0.000000 0.583510
-0.000685 0.004742
6
394.212546 220.307764
5.295000 9.953000 12.082942 0 0
0.000000 0.000000 0.000000 0.000000 0.585573
0.006184 0.000663
6
120.554103 277.622397
5.295000 9.953000 12.082942 0 0
0.000000 0.000000 0.000000 0.000000 0.583619
-0.001831 -0.000139
6
368.016745 320.412114
5.295000 9.953000 12.082942 0 0
0.000000 0.000000 0.000000 0.000000 0.583753
-0.001238 0.000446
6
100.149928 160.111673
5.295000 9.953000 12.082942 0 0
0.000000 0.000000 0.000000 0.000000 0.588382
-0.019140 -0.011679
6
348.611289 297.860494
5.295000 9.953000 12.082942 0 0
0.000000 0.000000 0.000000 0.000000 0.579861
-0.004529 0.004480
6
299.518234 363.350156
5.295000 9.953000 12.082942 0 0
0.000000 0.000000 0.000000 0.000000 0.582581
-0.007875 0.027976
6
111.689149 227.535471
5.295000 9.953000 12.082942 0 0
0.000000 0.000000 0.000000 0.000000 0.585053
-0.003616 0.000177
6
345.935088 361.075201
5.295000 9.953000 12.082942 0 0
0.000000 0.000000 0.000000 0.000000 0.585039
0.002679 0.001317
6
144.458302 334.766762
5.295000 9.953000 12.082942 0 0
0.000000 0.000000 0.000000 0.000000 0.583963
-0.000978 0.001345
6
244.755708 136.215828
5.295000 9.953000 12.082942 0 0
0.000000 0.000000 0.000000 0.000000 0.582548
0.000076 -0.000893
6
225.084442 363.727432
5.295000 9.953000 12.082942 0 0
0.000000 0.000000 0.000000 0.000000 0.581577
0.002601 0.005156
6
330.465917 276.741372
5.295000 9.953000 12.082942 0 0
0.000000 0.000000 0.000000 0.000000 0.575984
0.001885 0.004453
6
101.917186 254.831872
5.295000 9.953000 12.082942 0 0
0.000000 0.000000 0.000000 0.000000 0.586001
-0.007671 0.001349
6
254.735260 108.346017
5.295000 9.953000 12.082942 0 0
0.000000 0.000000 0.000000 0.000000 0.586321
-0.000261 -0.003651
6
359.001775 192.814975
5.295000 9.953000 12.082942 0 0
0.000000 0.000000 0.000000 0.000000 0.582181
0.002010 0.001021
6
215.964712 141.399583
5.295000 9.953000 12.082942 0 0
0.000000 0.000000 0.000000 0.000000 0.581869
-0.000285 -0.000886
6
188.623380 415.106865
5.295000 9.953000 12.082942 0 0
0.000000 0.000000 0.000000 0.000000 0.588851
-0.010182 0.010238
6
133.495109 362.226215
5.295000 9.953000 12.082942 0 0
0.000000 0.000000 0.000000 0.000000 0.586881
-0.004885 0.005876
6
381.705687 153.935688
5.295000 9.953000 12.082942 0 0
0.000000 0.000000 0.000000 0.000000 0.587374
-0.001379 0.018128
6
286.382918 119.809231
5.295000 9.953000 12.082942 0 0
0.000000 0.000000 0.000000 0.000000 0.585379
0.000852 -0.002133
6
198.178692 386.562872
5.295000 9.953000 12.082942 0 0
0.000000 0.000000 0.000000 0.000000 0.585120
0.002151 0.007342
6
257.668510 125.170807
5.295000 9.953000 12.082942 0 0
0.000000 0.000000 0.000000 0.000000 0.583827
-0.000093 -0.002073
6
368.363446 243.186726
5.295000 9.953000 12.082942 0 0
0.000000 0.000000 0.000000 0.000000 0.581508
0.001154 0.003333
6
158.178902 151.247051
5.295000 9.953000 12.082942 0 0
0.000000 0.000000 0.000000 0.000000 0.584549
-0.002690 -0.000228
6
273.494680 130.909085
5.295000 9.953000 12.082942 0 0
0.000000 0.000000 0.000000 0.000000 0.582689
0.000242 -0.001442
6
352.770303 159.437266
5.295000 9.953000 12.082942 0 0
0.000000 0.000000 0.000000 0.000000 0.584945
0.004251 -0.006908
6
349.652161 142.759825
5.295000 9.953000 12.082942 0 0
0.000000 0.000000 0.000000 0.000000 0.584991
0.000607 0.007434
6
420.409427 197.704283
5.295000 9.953000 12.082942 0 0
0.000000 0.000000 0.000000 0.000000 0.588716
0.015690 0.000268
6
320.646541 383.188614
5.295000 9.953000 12.082942 0 0
0.000000 0.000000 0.000000 0.000000 0.585774
0.008423 -0.000335
6
400.603585 330.955570
5.295000 9.953000 12.082942 0 0
0.000000 0.000000 0.000000 0.000000 0.588322
0.002976 0.005051
6
142.294913 145.176774
5.295000 9.953000 12.082942 0 0
0.000000 0.000000 0.000000 0.000000 0.586116
0.002032 -0.000448
6
115.164372 244.351397
5.295000 9.953000 12.082942 0 0
0.000000 0.000000 0.000000 0.000000 0.584761
-0.002611 0.000238
6
178.529047 95.880008
5.295000 9.953000 12.082942 0 0
0.000000 0.000000 0.000000 0.000000 0.589069
-0.014934 -0.028563
6
368.790874 164.991126
5.295000 9.953000 12.082942 0 0
0.000000 0.000000 0.000000 0.000000 0.585020
0.009486 -0.011211
6
149.550378 368.749014
5.295000 9.953000 12.082942 0 0
0.000000 0.000000 0.000000 0.000000 0.586148
-0.002517 0.005145
6
351.914093 315.064919
5.295000 9.953000 12.082942 0 0
0.000000 0.000000 0.000000 0.000000 0.582187
-0.001456 0.002549
6
339.064514 326.894304
5.295000 9.953000 12.082942 0 0
0.000000 0.000000 0.000000 0.000000 0.580772
-0.002617 0.004490
6
128.497288 328.428382
5.295000 9.953000 12.082942 0 0
0.000000 0.000000 0.000000 0.000000 0.585375
-0.003269 0.001746
6
302.181542 125.535874
5.295000 9.953000 12.082942 0 0
0.000000 0.000000 0.000000 0.000000 0.584834
-0.002346 -0.001103
6
317.996005 131.266579
5.295000 9.953000 12.082942 0 0
0.000000 0.000000 0.000000 0.000000 0.584187
0.003811 -0.000941
6
391.113594 203.671840
5.295000 9.953000 12.082942 0 0
0.000000 0.000000 0.000000 0.000000 0.586066
0.006395 -0.000053
6
95.465435 221.305778
5.295000 9.953000 12.082942 0 0
0.000000 0.000000 0.000000 0.000000 0.587562
-0.006693 -0.000056
6
115.027373 338.934271
5.295000 9.953000 12.082942 0 0
0.000000 0.000000 0.000000 0.000000 0.586969
-0.006377 0.004184
6
241.064553 368.235533
5.295000 9.953000 12.082942 0 0
0.000000 0.000000 0.000000 0.000000 0.581232
-0.002048 -0.001191
6
119.666720 372.584702
5.295000 9.953000 12.082942 0 0
0.000000 0.000000 0.000000 0.000000 0.589112
-0.008045 0.008683
6
333.772256 137.029810
5.295000 9.953000 12.082942 0 0
0.000000 0.000000 0.000000 0.000000 0.585333
-0.006329 0.005347
6
74.756122 387.559427
5.295000 9.953000 12.082942 0 0
0.000000 0.000000 0.000000 0.000000 0.592932
-0.030549 0.017998
6
362.510553 131.645077
5.295000 9.953000 12.082942 0 0
0.000000 0.000000 0.000000 0.000000 0.587167
0.012610 -0.021375
6
131.994855 172.651699
5.295000 9.953000 12.082942 0 0
0.000000 0.000000 0.000000 0.000000 0.584904
-0.007382 0.000148
6
228.916717 130.433649
5.295000 9.953000 12.082942 0 0
0.000000 0.000000 0.000000 0.000000 0.582818
-0.000213 -0.001556
6
145.110425 161.961040
5.295000 9.953000 12.082942 0 0
0.000000 0.000000 0.000000 0.000000 0.584586
0.001788 -0.001854
6
151.957979 385.814447
5.295000 9.953000 12.082942 0 0
0.000000 0.000000 0.000000 0.000000 0.587122
-0.002659 0.007663
6
360.867868 286.813102
5.295000 9.953000 12.082942 0 0
0.000000 0.000000 0.000000 0.000000 0.581920
-0.007434 -0.001756
6
205.523979 419.982877
5.295000 9.953000 12.082942 0 0
0.000000 0.000000 0.000000 0.000000 0.588262
0.003047 0.026457
6
201.485439 403.218966
5.295000 9.953000 12.082942 0 0
0.000000 0.000000 0.000000 0.000000 0.587015
-0.006163 -0.002676
6
226.006907 113.630403
5.295000 9.953000 12.082942 0 0
0.000000 0.000000 0.000000 0.000000 0.585287
-0.000427 -0.003593
6
137.772953 396.061687
5.295000 9.953000 12.082942 0 0
0.000000 0.000000 0.000000 0.000000 0.589181
-0.005763 0.013997
6
413.536619 319.653347
5.295000 9.953000 12.082942 0 0
0.000000 0.000000 0.000000 0.000000 0.588665
0.012871 0.003144
6
168.271149 392.235131
5.295000 9.953000 12.082942 0 0
0.000000 0.000000 0.000000 0.000000 0.587580
-0.002542 0.006191
6
152.509766 117.580524
5.295000 9.953000 12.082942 0 0
0.000000 0.000000 0.000000 0.000000 0.587935
-0.021002 -0.032610
6
112.510757 322.110130
5.295000 9.953000 12.082942 0 0
0.000000 0.000000 0.000000 0.000000 0.586418
-0.005622 0.001872
6
244.544044 385.134267
5.295000 9.953000 12.082942 0 0
0.000000 0.000000 0.000000 0.000000 0.583914
0.007645 -0.010060
6
118.902046 183.334638
5.295000 9.953000 12.082942 0 0
0.000000 0.000000 0.000000 0.000000 0.586377
0.003250 0.000353
6
312.925788 350.380924
5.295000 9.953000 12.082942 0 0
0.000000 0.000000 0.000000 0.000000 0.580982
-0.005514 0.011486
6
404.151387 192.411257
5.295000 9.953000 12.082942 0 0
0.000000 0.000000 0.000000 0.000000 0.587610
0.007026 0.002164
6
270.562047 114.082011
5.295000 9.953000 12.082942 0 0
0.000000 0.000000 0.000000 0.000000 0.585281
-0.000146 -0.003021
6
397.296915 236.942102
5.295000 9.953000 12.082942 0 0
0.000000 0.000000 0.000000 0.000000 0.585416
0.005231 0.000509
6
154.277442 402.896145
5.295000 9.953000 12.082942 0 0
0.000000 0.000000 0.000000 0.000000 0.588984
-0.002942 0.012974
6
85.700085 248.749000
5.295000 9.953000 12.082942 0 0
0.000000 0.000000 0.000000 0.000000 0.588587
-0.009084 -0.004509
6
394.809262 142.662337
5.295000 9.953000 12.082942 0 0
0.000000 0.000000 0.000000 0.000000 0.588781
0.033037 -0.027789
6
184.264746 129.647527
5.295000 9.953000 12.082942 0 0
0.000000 0.000000 0.000000 0.000000 0.585452
-0.001164 -0.002775
6
108.612164 210.755382
5.295000 9.953000 12.082942 0 0
0.000000 0.000000 0.000000 0.000000 0.586517
-0.005948 0.003101
6
184.862582 398.086843
5.295000 9.953000 12.082942 0 0
0.000000 0.000000 0.000000 0.000000 0.586672
-0.000721 0.007019
6
387.733905 342.402714
5.295000 9.953000 12.082942 0 0
0.000000 0.000000 0.000000 0.000000 0.586859
0.003551 0.004967
6
384.227187 325.607472
5.295000 9.953000 12.082942 0 0
0.000000 0.000000 0.000000 0.000000 0.585819
0.003134 0.002763
6
116.098589 166.456895
5.295000 9.953000 12.082942 0 0
0.000000 0.000000 0.000000 0.000000 0.587413
0.005314 -0.008266
6
218.190096 408.015479
5.295000 9.953000 12.082942 0 0
0.000000 0.000000 0.000000 0.000000 0.586765
0.011787 0.008970
6
139.422492 128.315569
5.295000 9.953000 12.082942 0 0
0.000000 0.000000 0.000000 0.000000 0.588333
-0.016989 -0.018623
6
109.927307 305.271977
5.295000 9.953000 12.082942 0 0
0.000000 0.000000 0.000000 0.000000 0.586766
-0.006269 0.000797
6
327.955653 103.201577
5.295000 9.953000 12.082942 0 0
0.000000 0.000000 0.000000 0.000000 0.587823
-0.008261 -0.004032
6
91.405314 282.269591
5.295000 9.953000 12.082942 0 0
0.000000 0.000000 0.000000 0.000000 0.587583
-0.008114 -0.001855
6
165.530067 106.786756
5.295000 9.953000 12.082942 0 0
0.000000 0.000000 0.000000 0.000000 0.588463
-0.028487 -0.029608
6
261.653423 390.888003
5.295000 9.953000 12.082942 0 0
0.000000 0.000000 0.000000 0.000000 0.585182
0.007442 -0.019374
6
355.165294 332.078152
5.295000 9.953000 12.082942 0 0
0.000000 0.000000 0.000000 0.000000 0.583408
-0.001467 0.002328
6
342.301839 343.962805
5.295000 9.953000 12.082942 0 0
0.000000 0.000000 0.000000 0.000000 0.583340
-0.002566 0.003409
6
223.058345 96.777982
5.295000 9.953000 12.082942 0 0
0.000000 0.000000 0.000000 0.000000 0.587705
-0.001304 -0.006527
6
126.337418 138.897280
5.295000 9.953000 12.082942 0 0
0.000000 0.000000 0.000000 0.000000 0.588353
-0.012190 -0.027751
6
397.908260 159.278054
5.295000 9.953000 12.082942 0 0
0.000000 0.000000 0.000000 0.000000 0.588283
0.007346 0.009269
6
361.809609 365.912796
5.295000 9.953000 12.082942 0 0
0.000000 0.000000 0.000000 0.000000 0.586441
-0.000365 0.006044
6
136.682898 111.464677
5.295000 9.953000 12.082942 0 0
0.000000 0.000000 0.000000 0.000000 0.589076
0.025191 0.000975
6
343.756862 108.975577
5.295000 9.953000 12.082942 0 0
0.000000 0.000000 0.000000 0.000000 0.588675
0.015373 0.000283
6
312.201260 97.469094
5.295000 9.953000 12.082942 0 0
0.000000 0.000000 0.000000 0.000000 0.588512
0.007260 -0.007627
6
137.081961 412.786404
5.295000 9.953000 12.082942 0 0
0.000000 0.000000 0.000000 0.000000 0.590808
-0.016373 0.018651
6
267.621314 97.210295
5.295000 9.953000 12.082942 0 0
0.000000 0.000000 0.000000 0.000000 0.587625
0.001142 -0.007736
6
101.338307 349.388099
5.295000 9.953000 12.082942 0 0
0.000000 0.000000 0.000000 0.000000 0.588364
-0.011347 0.006490
6
400.358616 253.561690
5.295000 9.953000 12.082942 0 0
0.000000 0.000000 0.000000 0.000000 0.586548
0.009155 0.001046
6
275.552940 380.072221
5.295000 9.953000 12.082942 0 0
0.000000 0.000000 0.000000 0.000000 0.584121
0.006710 -0.002285
6
231.321683 396.534256
5.295000 9.953000 12.082942 0 0
0.000000 0.000000 0.000000 0.000000 0.585272
0.006711 0.030994
6
375.391948 120.725059
5.295000 9.953000 12.082942 0 0
0.000000 0.000000 0.000000 0.000000 0.588572
0.012084 0.026715
6
330.829324 120.123971
5.295000 9.953000 12.082942 0 0
0.000000 0.000000 0.000000 0.000000 0.586272
-0.004334 -0.008523
6
181.443659 112.856690
5.295000 9.953000 12.082942 0 0
0.000000 0.000000 0.000000 0.000000 0.586483
0.003332 0.000521
6
241.839088 119.416293
5.295000 9.953000 12.082942 0 0
0.000000 0.000000 0.000000 0.000000 0.585072
0.000050 -0.002790
6
165.657460 425.113668
5.295000 9.953000 12.082942 0 0
0.000000 0.000000 0.000000 0.000000 0.590523
0.002656 0.027190
6
155.373268 134.487990
5.295000 9.953000 12.082942 0 0
0.000000 0.000000 0.000000 0.000000 0.586198
0.000008 0.001826
6
93.937071 299.076250
5.295000 9.953000 12.082942 0 0
0.000000 0.000000 0.000000 0.000000 0.587815
-0.007471 0.001698
6
404.835342 114.646380
5.295000 9.953000 12.082942 0 0
0.000000 0.000000 0.000000 0.000000 0.591344
0.007607 -0.088880
6
359.363092 114.904371
5.295000 9.953000 12.082942 0 0
0.000000 0.000000 0.000000 0.000000 0.588169
-0.022846 0.015331
6
251.773390 91.465523
5.295000 9.953000 12.082942 0 0
0.000000 0.000000 0.000000 0.000000 0.587546
0.000538 -0.009007
6
387.998324 187.072079
5.295000 9.953000 12.082942 0 0
0.000000 0.000000 0.000000 0.000000 0.585876
0.005332 0.003982
6
171.441179 409.255652
5.295000 9.953000 12.082942 0 0
0.000000 0.000000 0.000000 0.000000 0.588081
-0.003940 0.012534
6
110.417371 132.459235
5.295000 9.953000 12.082942 0 0
0.000000 0.000000 0.000000 0.000000 0.589064
0.006374 -0.030851
6
120.598631 104.821341
5.295000 9.953000 12.082942 0 0
0.000000 0.000000 0.000000 0.000000 0.590508
-0.001739 -0.128608
6
264.630860 407.420862
5.295000 9.953000 12.082942 0 0
0.000000 0.000000 0.000000 0.000000 0.586487
-0.001478 0.026588
6
162.736839 89.916231
5.295000 9.953000 12.082942 0 0
0.000000 0.000000 0.000000 0.000000 0.589429
0.000701 0.024010
6
299.264398 108.662738
5.295000 9.953000 12.082942 0 0
0.000000 0.000000 0.000000 0.000000 0.586811
-0.000989 -0.006257
6
96.473694 315.852292
5.295000 9.953000 12.082942 0 0
0.000000 0.000000 0.000000 0.000000 0.588288
-0.008875 0.001436
6
316.251075 367.227062
5.295000 9.953000 12.082942 0 0
0.000000 0.000000 0.000000 0.000000 0.583157
-0.001929 0.008694
6
104.847970 271.445751
5.295000 9.953000 12.082942 0 0
0.000000 0.000000 0.000000 0.000000 0.586154
-0.007777 -0.000758
6
149.833570 100.850919
5.295000 9.953000 12.082942 0 0
0.000000 0.000000 0.000000 0.000000 0.589407
0.040690 0.043019
6
210.175712 107.797927
5.295000 9.953000 12.082942 0 0
0.000000 0.000000 0.000000 0.000000 0.586677
-0.001554 -0.005102
6
89.690045 187.796601
5.295000 9.953000 12.082942 0 0
0.000000 0.000000 0.000000 0.000000 0.589685
0.006608 -0.013135
6
123.496340 122.156402
5.295000 9.953000 12.082942 0 0
0.000000 0.000000 0.000000 0.000000 0.589014
-0.002682 0.052290
6
424.413235 136.108085
5.295000 9.953000 12.082942 0 0
0.000000 0.000000 0.000000 0.000000 0.591799
0.019263 -0.016626
6
107.277226 115.512895
5.295000 9.953000 12.082942 0 0
0.000000 0.000000 0.000000 0.000000 0.591016
-0.056156 0.019896
6
103.547494 366.172425
5.295000 9.953000 12.082942 0 0
0.000000 0.000000 0.000000 0.000000 0.589381
-0.014178 0.011263
6
341.007959 91.895198
5.295000 9.953000 12.082942 0 0
0.000000 0.000000 0.000000 0.000000 0.589631
0.017248 -0.020447
6
264.637319 80.270519
5.295000 9.953000 12.082942 0 0
0.000000 0.000000 0.000000 0.000000 0.588851
0.000033 -0.010651
6
410.361224 225.624391
5.295000 9.953000 12.082942 0 0
0.000000 0.000000 0.000000 0.000000 0.587982
0.005130 -0.001316
6
151.303574 419.416411
5.295000 9.953000 12.082942 0 0
0.000000 0.000000 0.000000 0.000000 0.589870
-0.018769 0.014325
6
113.270004 149.544870
5.295000 9.953000 12.082942 0 0
0.000000 0.000000 0.000000 0.000000 0.588491
-0.002949 0.001228
6
238.899899 102.586381
5.295000 9.953000 12.082942 0 0
0.000000 0.000000 0.000000 0.000000 0.586368
-0.000502 -0.004843
6
257.855315 374.922058
5.295000 9.953000 12.082942 0 0
0.000000 0.000000 0.000000 0.000000 0.582528
-0.000922 0.008054
6
183.869417 447.088424
5.295000 9.953000 12.082942 0 0
0.000000 0.000000 0.000000 0.000000 0.592264
0.055516 0.048042
6
234.717671 412.601930
5.295000 9.953000 12.082942 0 0
0.000000 0.000000 0.000000 0.000000 0.587670
-0.010169 -0.055082
6
88.696743 265.556512
5.295000 9.953000 12.082942 0 0
0.000000 0.000000 0.000000 0.000000 0.588609
-0.005727 0.001013
6
69.408485 242.633271
5.295000 9.953000 12.082942 0 0
0.000000 0.000000 0.000000 0.000000 0.589989
-0.020133 -0.001219
6
80.337914 309.677558
5.295000 9.953000 12.082942 0 0
0.000000 0.000000 0.000000 0.000000 0.589184
-0.013896 0.003309
6
333.798319 372.460329
5.295000 9.953000 12.082942 0 0
0.000000 0.000000 0.000000 0.000000 0.585250
-0.000271 0.001739
6
135.781455 379.144158
5.295000 9.953000 12.082942 0 0
0.000000 0.000000 0.000000 0.000000 0.587650
-0.004909 0.008142
6
280.515824 86.017194
5.295000 9.953000 12.082942 0 0
0.000000 0.000000 0.000000 0.000000 0.589090
0.001720 -0.008711
6
372.362291 103.706398
5.295000 9.953000 12.082942 0 0
0.000000 0.000000 0.000000 0.000000 0.590155
0.048887 -0.063861
6
105.694524 193.982756
5.295000 9.953000 12.082942 0 0
0.000000 0.000000 0.000000 0.000000 0.587088
-0.011015 -0.003256
6
294.054622 402.799224
5.295000 9.953000 12.082942 0 0
0.000000 0.000000 0.000000 0.000000 0.586871
0.009689 -0.011649
6
68.898992 336.966099
5.295000 9.953000 12.082942 0 0
0.000000 0.000000 0.000000 0.000000 0.592251
-0.020170 0.007313
6
244.689531 462.569625
5.295000 9.953000 12.082942 0 0
0.000000 0.000000 0.000000 0.000000 0.592858
0.055716 0.179730
6
296.358200 91.746502
5.295000 9.953000 12.082942 0 0
0.000000 0.000000 0.000000 0.000000 0.587971
-0.001366 -0.008431
6
352.937146 394.145008
5.295000 9.953000 12.082942 0 0
0.000000 0.000000 0.000000 0.000000 0.588225
0.005764 0.014076
6
453.421451 208.258637
5.295000 9.953000 12.082942 0 0
0.000000 0.000000 0.000000 0.000000 0.593154
0.028942 -0.002174
6
102.892965 177.148413
5.295000 9.953000 12.082942 0 0
0.000000 0.000000 0.000000 0.000000 0.587870
-0.020278 0.003271
6
426.653672 230.947381
5.295000 9.953000 12.082942 0 0
0.000000 0.000000 0.000000 0.000000 0.589094
0.018459 0.002048
6
378.558661 137.230240
5.295000 9.953000 12.082942 0 0
0.000000 0.000000 0.000000 0.000000 0.587892
0.008722 -0.032995
6
371.400184 337.254603
5.295000 9.953000 12.082942 0 0
0.000000 0.000000 0.000000 0.000000 0.585332
0.001427 0.004210
6
87.096222 170.748954
5.295000 9.953000 12.082942 0 0
0.000000 0.000000 0.000000 0.000000 0.590053
0.008008 -0.001636
6
309.348988 80.463882
5.295000 9.953000 12.082942 0 0
0.000000 0.000000 0.000000 0.000000 0.589376
0.007616 -0.015967
6
414.200422 164.509880
5.295000 9.953000 12.082942 0 0
0.000000 0.000000 0.000000 0.000000 0.589694
0.015573 0.012474
6
137.869303 430.629319
5.295000 9.953000 12.082942 0 0
0.000000 0.000000 0.000000 0.000000 0.591700
-0.022011 0.021698
6
84.315875 153.437935
5.295000 9.953000 12.082942 0 0
0.000000 0.000000 0.000000 0.000000 0.590730
0.007399 -0.029756
6
307.285590 392.645314
5.295000 9.953000 12.082942 0 0
0.000000 0.000000 0.000000 0.000000 0.586087
0.000134 -0.002919
6
117.435211 355.754862
5.295000 9.953000 12.082942 0 0
0.000000 0.000000 0.000000 0.000000 0.587965
-0.007050 0.005934
6
403.428477 270.066167
5.295000 9.953000 12.082942 0 0
0.000000 0.000000 0.000000 0.000000 0.586598
0.009136 0.000337
6
382.461478 387.207523
5.295000 9.953000 12.082942 0 0
0.000000 0.000000 0.000000 0.000000 0.589339
0.006380 0.014246
6
75.229815 276.290184
5.295000 9.953000 12.082942 0 0
0.000000 0.000000 0.000000 0.000000 0.589993
-0.015138 0.001649
6
417.299698 181.061644
5.295000 9.953000 12.082942 0 0
0.000000 0.000000 0.000000 0.000000 0.589016
0.014882 -0.011350
6
185.354656 50.180676
5.295000 9.953000 12.082942 0 0
0.000000 0.000000 0.000000 0.000000 0.593270
-0.038953 -0.019843
6
380.720485 308.662941
5.295000 9.953000 12.082942 0 0
0.000000 0.000000 0.000000 0.000000 0.585034
-0.000037 -0.000897
6
133.564556 94.467665
5.295000 9.953000 12.082942 0 0
0.000000 0.000000 0.000000 0.000000 0.590810
-0.112740 -0.018565
6
413.472853 242.246027
5.295000 9.953000 12.082942 0 0
0.000000 0.000000 0.000000 0.000000 0.587801
0.008083 0.003160
6
98.958855 332.624613
5.295000 9.953000 12.082942 0 0
0.000000 0.000000 0.000000 0.000000 0.589020
-0.010161 0.005262
6
73.796090 181.313726
5.295000 9.953000 12.082942 0 0
0.000000 0.000000 0.000000 0.000000 0.590818
-0.027699 -0.010657
6
358.541861 348.980056
5.295000 9.953000 12.082942 0 0
0.000000 0.000000 0.000000 0.000000 0.584219
0.001048 0.004898
6
82.490868 231.930246
5.295000 9.953000 12.082942 0 0
0.000000 0.000000 0.000000 0.000000 0.588675
-0.005251 0.002866
6
77.811237 292.969601
5.295000 9.953000 12.082942 0 0
0.000000 0.000000 0.000000 0.000000 0.590300
-0.015920 0.000051
6
292.368341 383.941803
5.295000 9.953000 12.082942 0 0
0.000000 0.000000 0.000000 0.000000 0.584548
0.012009 -0.024719
6
389.821779 280.981209
5.295000 9.953000 12.082942 0 0
0.000000 0.000000 0.000000 0.000000 0.585616
-0.000396 0.001482
6
338.359162 74.793078
5.295000 9.953000 12.082942 0 0
0.000000 0.000000 0.000000 0.000000 0.591302
0.015766 -0.016004
6
180.133219 429.694647
5.295000 9.953000 12.082942 0 0
0.000000 0.000000 0.000000 0.000000 0.589897
-0.036202 0.003412
6
207.249157 90.916390
5.295000 9.953000 12.082942 0 0
0.000000 0.000000 0.000000 0.000000 0.588182
0.004181 -0.005789
6
98.782933 238.125357
5.295000 9.953000 12.082942 0 0
0.000000 0.000000 0.000000 0.000000 0.587411
-0.011083 0.000458
6
395.373990 375.731096
5.295000 9.953000 12.082942 0 0
0.000000 0.000000 0.000000 0.000000 0.589365
0.009102 0.014643
6
374.831572 354.054540
5.295000 9.953000 12.082942 0 0
0.000000 0.000000 0.000000 0.000000 0.586544
0.001636 0.005277
6
340.084438 406.717766
5.295000 9.953000 12.082942 0 0
0.000000 0.000000 0.000000 0.000000 0.588646
0.002109 -0.002322
6
278.389565 396.458690
5.295000 9.953000 12.082942 0 0
0.000000 0.000000 0.000000 0.000000 0.585312
0.011942 -0.017370
6
71.050742 353.760002
5.295000 9.953000 12.082942 0 0
0.000000 0.000000 0.000000 0.000000 0.591809
-0.025417 0.019249
6
251.307380 417.961649
5.295000 9.953000 12.082942 0 0
0.000000 0.000000 0.000000 0.000000 0.587633
0.031573 -0.024904
6
72.508691 259.531629
5.295000 9.953000 12.082942 0 0
0.000000 0.000000 0.000000 0.000000 0.589985
-0.025311 -0.004265
6
274.462272 51.772848
5.295000 9.953000 12.082942 0 0
0.000000 0.000000 0.000000 0.000000 0.592752
0.002820 -0.019158
6
248.743439 74.500846
5.295000 9.953000 12.082942 0 0
0.000000 0.000000 0.000000 0.000000 0.590056
0.000020 -0.012337
6
365.073905 382.251394
5.295000 9.953000 12.082942 0 0
0.000000 0.000000 0.000000 0.000000 0.588076
0.004711 0.011941
6
387.172248 264.988619
5.295000 9.953000 12.082942 0 0
0.000000 0.000000 0.000000 0.000000 0.584112
0.001271 0.000732
6
97.257191 143.050247
5.295000 9.953000 12.082942 0 0
0.000000 0.000000 0.000000 0.000000 0.590237
-0.033813 0.006373
6
421.035468 352.989516
5.295000 9.953000 12.082942 0 0
0.000000 0.000000 0.000000 0.000000 0.591047
0.016952 0.010774
6
66.522371 320.244105
5.295000 9.953000 12.082942 0 0
0.000000 0.000000 0.000000 0.000000 0.591877
-0.019443 0.006656
6
405.214264 409.207647
5.295000 9.953000 12.082942 0 0
0.000000 0.000000 0.000000 0.000000 0.591972
0.021176 0.020913
6
325.174238 86.181229
5.295000 9.953000 12.082942 0 0
0.000000 0.000000 0.000000 0.000000 0.589920
-0.001941 -0.016032
6
309.938225 410.210125
5.295000 9.953000 12.082942 0 0
0.000000 0.000000 0.000000 0.000000 0.588384
0.012417 -0.005236
6
92.417977 204.610448
5.295000 9.953000 12.082942 0 0
0.000000 0.000000 0.000000 0.000000 0.587994
-0.001077 0.003288
6
423.023139 291.888794
5.295000 9.953000 12.082942 0 0
0.000000 0.000000 0.000000 0.000000 0.589443
0.002132 0.003591
6
122.956526 423.839013
5.295000 9.953000 12.082942 0 0
0.000000 0.000000 0.000000 0.000000 0.592147
-0.021815 0.023956
6
397.034334 314.243583
5.295000 9.953000 12.082942 0 0
0.000000 0.000000 0.000000 0.000000 0.586426
0.000848 0.003474
6
82.809174 326.398124
5.295000 9.953000 12.082942 0 0
0.000000 0.000000 0.000000 0.000000 0.589757
-0.015318 0.005414
6
376.974074 291.355941
5.295000 9.953000 12.082942 0 0
0.000000 0.000000 0.000000 0.000000 0.583500
-0.000964 -0.003441
6
238.244712 429.345036
5.295000 9.953000 12.082942 0 0
0.000000 0.000000 0.000000 0.000000 0.588956
0.012413 0.114454
6
283.144087 430.991735
5.295000 9.953000 12.082942 0 0
0.000000 0.000000 0.000000 0.000000 0.590352
0.052941 -0.022570
6
85.172130 343.133231
5.295000 9.953000 12.082942 0 0
0.000000 0.000000 0.000000 0.000000 0.590399
-0.015584 0.007512
6
105.500055 382.981394
5.295000 9.953000 12.082942 0 0
0.000000 0.000000 0.000000 0.000000 0.590490
-0.013299 0.012295
6
146.922142 83.455111
5.295000 9.953000 12.082942 0 0
0.000000 0.000000 0.000000 0.000000 0.591227
0.008997 -0.113914
6
378.445768 370.721859
5.295000 9.953000 12.082942 0 0
0.000000 0.000000 0.000000 0.000000 0.587921
0.005826 0.011926
6
117.676106 88.059328
5.295000 9.953000 12.082942 0 0
0.000000 0.000000 0.000000 0.000000 0.592524
0.022145 0.097844
6
341.917441 424.407419
5.295000 9.953000 12.082942 0 0
0.000000 0.000000 0.000000 0.000000 0.590367
0.027532 -0.006859
6
443.084995 236.246399
5.295000 9.953000 12.082942 0 0
0.000000 0.000000 0.000000 0.000000 0.591628
0.014158 -0.008444
6
77.838656 119.191629
5.295000 9.953000 12.082942 0 0
0.000000 0.000000 0.000000 0.000000 0.592939
-0.015689 -0.035097
6
221.892449 424.517147
5.295000 9.953000 12.082942 0 0
0.000000 0.000000 0.000000 0.000000 0.589097
-0.027861 -0.000814
6
220.042461 79.833740
5.295000 9.953000 12.082942 0 0
0.000000 0.000000 0.000000 0.000000 0.589029
-0.001232 -0.011312
6
58.930179 270.268467
5.295000 9.953000 12.082942 0 0
0.000000 0.000000 0.000000 0.000000 0.592617
-0.021525 -0.008485
6
391.567475 126.204757
5.295000 9.953000 12.082942 0 0
0.000000 0.000000 0.000000 0.000000 0.589973
-0.000495 0.008469
6
76.390423 422.457714
5.295000 9.953000 12.082942 0 0
0.000000 0.000000 0.000000 0.000000 0.594271
-0.032497 0.023326
6
78.997207 215.067680
5.295000 9.953000 12.082942 0 0
0.000000 0.000000 0.000000 0.000000 0.590251
-0.004426 -0.008300
6
104.350122 98.125820
5.295000 9.953000 12.082942 0 0
0.000000 0.000000 0.000000 0.000000 0.592404
0.013993 -0.059434
6
94.248245 125.860740
5.295000 9.953000 12.082942 0 0
0.000000 0.000000 0.000000 0.000000 0.591217
-0.005912 -0.034973
6
122.174808 406.267612
5.295000 9.953000 12.082942 0 0
0.000000 0.000000 0.000000 0.000000 0.590551
-0.017937 0.017915
6
404.274461 347.644918
5.295000 9.953000 12.082942 0 0
0.000000 0.000000 0.000000 0.000000 0.588676
0.007802 0.010667
6
369.843657 398.975177
5.295000 9.953000 12.082942 0 0
0.000000 0.000000 0.000000 0.000000 0.589367
0.005513 0.020363
6
323.707346 400.183820
5.295000 9.953000 12.082942 0 0
0.000000 0.000000 0.000000 0.000000 0.587873
0.001051 0.003390
6
423.516743 214.314094
5.295000 9.953000 12.082942 0 0
0.000000 0.000000 0.000000 0.000000 0.589339
0.013563 -0.003576
6
242.148879 39.995663
5.295000 9.953000 12.082942 0 0
0.000000 0.000000 0.000000 0.000000 0.594078
-0.002350 -0.022481
6
285.968625 467.831192
5.295000 9.953000 12.082942 0 0
0.000000 0.000000 0.000000 0.000000 0.594349
0.041271 0.037163
6
90.906773 393.613520
5.295000 9.953000 12.082942 0 0
0.000000 0.000000 0.000000 0.000000 0.591818
-0.025878 0.021270
6
191.342546 84.907884
5.295000 9.953000 12.082942 0 0
0.000000 0.000000 0.000000 0.000000 0.589568
-0.031725 -0.021298
6
356.993658 411.353178
5.295000 9.953000 12.082942 0 0
0.000000 0.000000 0.000000 0.000000 0.590038
-0.002613 0.021505
6
66.020195 225.704494
5.295000 9.953000 12.082942 0 0
0.000000 0.000000 0.000000 0.000000 0.591360
-0.032481 -0.002090
6
293.451140 74.733163
5.295000 9.953000 12.082942 0 0
0.000000 0.000000 0.000000 0.000000 0.590476
0.001785 -0.016128
6
439.934634 219.632141
5.295000 9.953000 12.082942 0 0
0.000000 0.000000 0.000000 0.000000 0.590551
0.021690 0.001546
6
61.479421 286.951766
5.295000 9.953000 12.082942 0 0
0.000000 0.000000 0.000000 0.000000 0.591441
-0.018489 0.003808
6
235.911812 85.688101
5.295000 9.953000 12.082942 0 0
0.000000 0.000000 0.000000 0.000000 0.588831
-0.000563 -0.010274
6
185.506856 26.680947
5.295000 9.953000 12.082942 0 0
0.000000 0.000000 0.000000 0.000000 0.597094
-0.012454 -0.022363
6
414.748086 84.581105
5.295000 9.953000 12.082942 0 0
0.000000 0.000000 0.000000 0.000000 0.593759
0.031913 -0.048770
6
342.914275 463.759634
5.295000 9.953000 12.082942 0 0
0.000000 0.000000 0.000000 0.000000 0.595021
-0.002588 0.040019
6
277.532177 68.971655
5.295000 9.953000 12.082942 0 0
0.000000 0.000000 0.000000 0.000000 0.591476
0.002284 -0.018913
6
322.427457 69.074326
5.295000 9.953000 12.082942 0 0
0.000000 0.000000 0.000000 0.000000 0.592153
0.001698 -0.020262
6
391.397079 359.107437
5.295000 9.953000 12.082942 0 0
0.000000 0.000000 0.000000 0.000000 0.588289
0.007296 0.010349
6
290.497728 57.572364
5.295000 9.953000 12.082942 0 0
0.000000 0.000000 0.000000 0.000000 0.592957
0.001515 -0.023445
6
417.195757 336.308859
5.295000 9.953000 12.082942 0 0
0.000000 0.000000 0.000000 0.000000 0.589339
0.015044 0.008615
6
139.694088 448.754102
5.295000 9.953000 12.082942 0 0
0.000000 0.000000 0.000000 0.000000 0.593230
-0.018539 0.030575
6
411.074429 147.813829
5.295000 9.953000 12.082942 0 0
0.000000 0.000000 0.000000 0.000000 0.590535
0.008367 -0.041204
6
76.069403 198.426540
5.295000 9.953000 12.082942 0 0
0.000000 0.000000 0.000000 0.000000 0.590660
-0.028332 -0.008166
6
327.310674 435.423373
5.295000 9.953000 12.082942 0 0
0.000000 0.000000 0.000000 0.000000 0.591144
0.021161 0.007277
6
171.637453 460.182529
5.295000 9.953000 12.082942 0 0
0.000000 0.000000 0.000000 0.000000 0.593643
-0.013789 0.038029
6
204.204981 73.882867
5.295000 9.953000 12.082942 0 0
0.000000 0.000000 0.000000 0.000000 0.590541
0.001455 -0.013597
6
52.465687 330.841525
5.295000 9.953000 12.082942 0 0
0.000000 0.000000 0.000000 0.000000 0.593397
-0.025452 0.009052
6
267.409884 424.095213
5.295000 9.953000 12.082942 0 0
0.000000 0.000000 0.000000 0.000000 0.588940
0.003036 -0.033810
6
455.272739 364.144739
5.295000 9.953000 12.082942 0 0
0.000000 0.000000 0.000000 0.000000 0.594403
0.030790 0.013902
6
81.066274 136.440308
5.295000 9.953000 12.082942 0 0
0.000000 0.000000 0.000000 0.000000 0.591585
-0.010568 -0.001357
6
58.436869 381.617096
5.295000 9.953000 12.082942 0 0
0.000000 0.000000 0.000000 0.000000 0.593767
-0.023768 0.045371
6
221.471269 17.422954
5.295000 9.953000 12.082942 0 0
0.000000 0.000000 0.000000 0.000000 0.598341
-0.009831 -0.043002
6
422.610675 415.278413
5.295000 9.953000 12.082942 0 0
0.000000 0.000000 0.000000 0.000000 0.593764
0.026494 0.022098
6
49.936448 314.181367
5.295000 9.953000 12.082942 0 0
0.000000 0.000000 0.000000 0.000000 0.593110
-0.026902 0.006114
6
67.781457 146.886907
5.295000 9.953000 12.082942 0 0
0.000000 0.000000 0.000000 0.000000 0.593067
-0.038383 -0.003505
6
271.273348 34.299566
5.295000 9.953000 12.082942 0 0
0.000000 0.000000 0.000000 0.000000 0.595433
0.001526 -0.037608
6
60.379314 191.627670
5.295000 9.953000 12.082942 0 0
0.000000 0.000000 0.000000 0.000000 0.593026
0.042641 0.001917
6
459.812976 241.617108
5.295000 9.953000 12.082942 0 0
0.000000 0.000000 0.000000 0.000000 0.592897
0.033032 0.004374
6
225.705271 34.165843
5.295000 9.953000 12.082942 0 0
0.000000 0.000000 0.000000 0.000000 0.595582
-0.009735 -0.020970
6
408.198612 364.321132
5.295000 9.953000 12.082942 0 0
0.000000 0.000000 0.000000 0.000000 0.589712
0.011089 0.013660
6
427.515471 152.893141
5.295000 9.953000 12.082942 0 0
0.000000 0.000000 0.000000 0.000000 0.591048
0.029787 -0.012653
6
226.268432 441.530144
5.295000 9.953000 12.082942 0 0
0.000000 0.000000 0.000000 0.000000 0.591583
0.085254 0.040046
6
47.417793 297.528757
5.295000 9.953000 12.082942 0 0
0.000000 0.000000 0.000000 0.000000 0.594110
-0.026093 0.004665
6
388.430633 109.562344
5.295000 9.953000 12.082942 0 0
0.000000 0.000000 0.000000 0.000000 0.590697
0.033545 -0.034992
6
439.712812 297.316259
5.295000 9.953000 12.082942 0 0
0.000000 0.000000 0.000000 0.000000 0.590542
0.027712 0.002460
6
398.254772 82.055171
5.295000 9.953000 12.082942 0 0
0.000000 0.000000 0.000000 0.000000 0.592679
0.071921 -0.116307
6
456.583000 224.925982
5.295000 9.953000 12.082942 0 0
0.000000 0.000000 0.000000 0.000000 0.592977
0.024477 -0.008668
6
245.584518 57.355064
5.295000 9.953000 12.082942 0 0
0.000000 0.000000 0.000000 0.000000 0.592764
0.000861 -0.025134
6
221.654469 473.524731
5.295000 9.953000 12.082942 0 0
0.000000 0.000000 0.000000 0.000000 0.595644
0.012271 0.025403
6
369.843721 444.032297
5.295000 9.953000 12.082942 0 0
0.000000 0.000000 0.000000 0.000000 0.593298
0.011256 0.029643
6
313.226770 446.076342
5.295000 9.953000 12.082942 0 0
0.000000 0.000000 0.000000 0.000000 0.592114
0.027328 0.013965
6
87.866851 91.065168
5.295000 9.953000 12.082942 0 0
0.000000 0.000000 0.000000 0.000000 0.593569
0.028434 -0.075903
6
24.587949 197.530626
5.295000 9.953000 12.082942 0 0
0.000000 0.000000 0.000000 0.000000 0.597078
-0.028768 0.003802
6
257.477841 451.855466
5.295000 9.953000 12.082942 0 0
0.000000 0.000000 0.000000 0.000000 0.592800
0.151124 0.006517
6
144.100974 66.296426
5.295000 9.953000 12.082942 0 0
0.000000 0.000000 0.000000 0.000000 0.593134
0.120181 0.028211
6
284.668519 449.243368
5.295000 9.953000 12.082942 0 0
0.000000 0.000000 0.000000 0.000000 0.591657
0.032920 0.027278
6
28.319268 180.194442
5.295000 9.953000 12.082942 0 0
0.000000 0.000000 0.000000 0.000000 0.595776
-0.010962 -0.032481
6
417.475427 397.902603
5.295000 9.953000 12.082942 0 0
0.000000 0.000000 0.000000 0.000000 0.592053
0.024205 0.019780
6
354.101721 80.511103
5.295000 9.953000 12.082942 0 0
0.000000 0.000000 0.000000 0.000000 0.590957
-0.016051 -0.019690
6
92.961367 428.490863
5.295000 9.953000 12.082942 0 0
0.000000 0.000000 0.000000 0.000000 0.593638
-0.058998 0.029259
6
484.585611 201.998004
5.295000 9.953000 12.082942 0 0
0.000000 0.000000 0.000000 0.000000 0.597242
0.036402 -0.009467
6
384.990840 92.953740
5.295000 9.953000 12.082942 0 0
0.000000 0.000000 0.000000 0.000000 0.591437
-0.068373 0.009552
6
387.940443 403.506927
5.295000 9.953000 12.082942 0 0
0.000000 0.000000 0.000000 0.000000 0.590748
0.010079 0.022426
6
254.318524 434.760586
5.295000 9.953000 12.082942 0 0
0.000000 0.000000 0.000000 0.000000 0.590221
-0.017939 0.043668
6
155.502961 454.914021
5.295000 9.953000 12.082942 0 0
0.000000 0.000000 0.000000 0.000000 0.594035
-0.009269 0.028043
6
381.783842 432.499982
5.295000 9.953000 12.082942 0 0
0.000000 0.000000 0.000000 0.000000 0.593150
0.017973 0.026309
6
449.553987 269.504646
5.295000 9.953000 12.082942 0 0
0.000000 0.000000 0.000000 0.000000 0.591631
0.011164 -0.006752
6
172.681485 61.320556
5.295000 9.953000 12.082942 0 0
0.000000 0.000000 0.000000 0.000000 0.592307
0.023883 -0.066084
6
478.182606 167.859116
5.295000 9.953000 12.082942 0 0
0.000000 0.000000 0.000000 0.000000 0.596212
0.037416 -0.019636
6
87.361948 359.898970
5.295000 9.953000 12.082942 0 0
0.000000 0.000000 0.000000 0.000000 0.590833
-0.019707 0.014284
6
280.707762 413.677605
5.295000 9.953000 12.082942 0 0
0.000000 0.000000 0.000000 0.000000 0.587883
0.001251 0.014958
6
50.692856 140.226347
5.295000 9.953000 12.082942 0 0
0.000000 0.000000 0.000000 0.000000 0.594079
-0.032766 -0.037328
6
409.963159 303.032427
5.295000 9.953000 12.082942 0 0
0.000000 0.000000 0.000000 0.000000 0.588345
0.011115 0.001721
6
58.182677 174.006000
5.295000 9.953000 12.082942 0 0
0.000000 0.000000 0.000000 0.000000 0.593420
-0.020633 -0.042226
6
56.859520 95.206450
5.295000 9.953000 12.082942 0 0
0.000000 0.000000 0.000000 0.000000 0.594926
-0.042687 -0.015061
6
38.190832 341.711752
5.295000 9.953000 12.082942 0 0
0.000000 0.000000 0.000000 0.000000 0.594820
-0.028198 0.028780
6
84.285542 73.307941
5.295000 9.953000 12.082942 0 0
0.000000 0.000000 0.000000 0.000000 0.594745
-0.012353 -0.017552
6
433.988133 341.760257
5.295000 9.953000 12.082942 0 0
0.000000 0.000000 0.000000 0.000000 0.591679
0.015163 0.014182
6
365.265527 426.382108
5.295000 9.953000 12.082942 0 0
0.000000 0.000000 0.000000 0.000000 0.591447
0.001749 0.035720
6
10.477714 267.374987
5.295000 9.953000 12.082942 0 0
0.000000 0.000000 0.000000 0.000000 0.598390
-0.032961 0.004777
6
433.688453 186.308206
5.295000 9.953000 12.082942 0 0
0.000000 0.000000 0.000000 0.000000 0.591218
0.021154 -0.005392
6
455.403616 129.031553
5.295000 9.953000 12.082942 0 0
0.000000 0.000000 0.000000 0.000000 0.594633
0.033907 -0.017548
6
56.273258 253.501116
5.295000 9.953000 12.082942 0 0
0.000000 0.000000 0.000000 0.000000 0.592606
-0.029018 -0.003075
6
430.184402 325.084227
5.295000 9.953000 12.082942 0 0
0.000000 0.000000 0.000000 0.000000 0.590092
0.012129 0.007771
6
306.496087 63.343500
5.295000 9.953000 12.082942 0 0
0.000000 0.000000 0.000000 0.000000 0.591866
0.006482 -0.020282
6
419.757789 275.377112
5.295000 9.953000 12.082942 0 0
0.000000 0.000000 0.000000 0.000000 0.587915
0.004232 0.004780
6
232.825855 68.685620
5.295000 9.953000 12.082942 0 0
0.000000 0.000000 0.000000 0.000000 0.591472
-0.001647 -0.014357
6
351.789235 63.241562
5.295000 9.953000 12.082942 0 0
0.000000 0.000000 0.000000 0.000000 0.592922
0.012221 -0.024757
6
316.096081 484.613809
5.295000 9.953000 12.082942 0 0
0.000000 0.000000 0.000000 0.000000 0.597234
-0.025137 0.071853
6
152.932096 437.108573
5.295000 9.953000 12.082942 0 0
0.000000 0.000000 0.000000 0.000000 0.591937
0.002921 0.031443
6
456.591371 302.859632
5.295000 9.953000 12.082942 0 0
0.000000 0.000000 0.000000 0.000000 0.593187
0.020793 0.001765
6
436.793384 202.969566
5.295000 9.953000 12.082942 0 0
0.000000 0.000000 0.000000 0.000000 0.590704
0.018381 -0.005189
6
416.589044 258.811836
5.295000 9.953000 12.082942 0 0
0.000000 0.000000 0.000000 0.000000 0.587795
0.001655 -0.001163
6
436.277307 280.722696
5.295000 9.953000 12.082942 0 0
0.000000 0.000000 0.000000 0.000000 0.590513
0.019703 -0.001399
6
333.165706 39.999399
5.295000 9.953000 12.082942 0 0
0.000000 0.000000 0.000000 0.000000 0.594774
0.015229 -0.031347
6
106.733610 399.880115
5.295000 9.953000 12.082942 0 0
0.000000 0.000000 0.000000 0.000000 0.591108
-0.014305 0.016394
6
40.723682 167.554763
5.295000 9.953000 12.082942 0 0
0.000000 0.000000 0.000000 0.000000 0.594827
-0.034096 0.066419
6
175.777112 78.901391
5.295000 9.953000 12.082942 0 0
0.000000 0.000000 0.000000 0.000000 0.591206
0.068239 0.012617
6
430.571842 169.630953
5.295000 9.953000 12.082942 0 0
0.000000 0.000000 0.000000 0.000000 0.590691
0.017870 -0.004907
6
311.851168 427.960145
5.295000 9.953000 12.082942 0 0
0.000000 0.000000 0.000000 0.000000 0.589690
0.016758 0.007563
6
34.575410 228.918710
5.295000 9.953000 12.082942 0 0
0.000000 0.000000 0.000000 0.000000 0.595487
0.023094 0.054372
6
8.446751 249.497303
5.295000 9.953000 12.082942 0 0
0.000000 0.000000 0.000000 0.000000 0.598353
-0.051764 -0.000186
6
438.022105 358.505128
5.295000 9.953000 12.082942 0 0
0.000000 0.000000 0.000000 0.000000 0.592067
0.023355 0.013315
6
443.312618 313.953824
5.295000 9.953000 12.082942 0 0
0.000000 0.000000 0.000000 0.000000 0.592133
0.024989 0.009057
6
89.329040 376.691060
5.295000 9.953000 12.082942 0 0
0.000000 0.000000 0.000000 0.000000 0.590780
-0.019945 0.011416
6
137.473746 29.787804
5.295000 9.953000 12.082942 0 0
0.000000 0.000000 0.000000 0.000000 0.596498
0.010772 -0.043616
6
406.485030 286.491587
5.295000 9.953000 12.082942 0 0
0.000000 0.000000 0.000000 0.000000 0.586843
0.010492 0.001480
6
429.985621 386.675582
5.295000 9.953000 12.082942 0 0
0.000000 0.000000 0.000000 0.000000 0.592256
0.027260 0.019076
6
100.869226 80.878943
5.295000 9.953000 12.082942 0 0
0.000000 0.000000 0.000000 0.000000 0.593069
-0.151313 0.055527
6
64.009238 303.580905
5.295000 9.953000 12.082942 0 0
0.000000 0.000000 0.000000 0.000000 0.591633
-0.020304 0.001466
6
284.351301 22.441573
5.295000 9.953000 12.082942 0 0
0.000000 0.000000 0.000000 0.000000 0.596883
-0.004699 -0.039986
6
204.597920 469.158893
5.295000 9.953000 12.082942 0 0
0.000000 0.000000 0.000000 0.000000 0.594431
-0.003689 0.045562
6
62.027506 208.599153
5.295000 9.953000 12.082942 0 0
0.000000 0.000000 0.000000 0.000000 0.591710
0.003719 -0.019271
6
369.913074 86.459981
5.295000 9.953000 12.082942 0 0
0.000000 0.000000 0.000000 0.000000 0.591410
0.043984 0.017475
6
446.309736 252.907205
5.295000 9.953000 12.082942 0 0
0.000000 0.000000 0.000000 0.000000 0.591589
0.022978 0.009543
6
92.082937 410.854974
5.295000 9.953000 12.082942 0 0
0.000000 0.000000 0.000000 0.000000 0.592401
-0.042803 0.033837
6
111.336728 52.759927
5.295000 9.953000 12.082942 0 0
0.000000 0.000000 0.000000 0.000000 0.595052
0.009781 -0.027150
6
261.576129 63.183166
5.295000 9.953000 12.082942 0 0
0.000000 0.000000 0.000000 0.000000 0.591379
0.001485 -0.021290
6
271.761273 478.572076
5.295000 9.953000 12.082942 0 0
0.000000 0.000000 0.000000 0.000000 0.595624
0.020653 0.048829
6
158.575176 472.940831
5.295000 9.953000 12.082942 0 0
0.000000 0.000000 0.000000 0.000000 0.595099
-0.011314 0.034951
6
438.104199 124.081662
5.295000 9.953000 12.082942 0 0
0.000000 0.000000 0.000000 0.000000 0.593135
0.030348 -0.022272
6
296.334194 420.566316
5.295000 9.953000 12.082942 0 0
0.000000 0.000000 0.000000 0.000000 0.589379
-0.012934 0.015580
6
197.929095 38.840165
5.295000 9.953000 12.082942 0 0
0.000000 0.000000 0.000000 0.000000 0.594417
0.001502 -0.027640
6
325.892407 417.569450
5.295000 9.953000 12.082942 0 0
0.000000 0.000000 0.000000 0.000000 0.588948
0.009145 0.003352
6
473.595149 230.294523
5.295000 9.953000 12.082942 0 0
0.000000 0.000000 0.000000 0.000000 0.595627
0.035329 0.001457
6
474.988556 150.221889
5.295000 9.953000 12.082942 0 0
0.000000 0.000000 0.000000 0.000000 0.596310
0.036251 -0.023296
6
380.575788 40.113603
5.295000 9.953000 12.082942 0 0
0.000000 0.000000 0.000000 0.000000 0.595539
0.032040 -0.026457
6
54.632186 347.726194
5.295000 9.953000 12.082942 0 0
0.000000 0.000000 0.000000 0.000000 0.593688
-0.026929 0.026024
6
441.035226 141.070262
5.295000 9.953000 12.082942 0 0
0.000000 0.000000 0.000000 0.000000 0.592324
0.027740 -0.016066
6
267.887982 16.497519
5.295000 9.953000 12.082942 0 0
0.000000 0.000000 0.000000 0.000000 0.598417
0.004537 -0.031951
6
107.734519 417.205325
5.295000 9.953000 12.082942 0 0
0.000000 0.000000 0.000000 0.000000 0.592437
-0.021675 0.026020
6
483.543094 280.658620
5.295000 9.953000 12.082942 0 0
0.000000 0.000000 0.000000 0.000000 0.597173
0.031208 0.004081
6
52.882235 236.460084
5.295000 9.953000 12.082942 0 0
0.000000 0.000000 0.000000 0.000000 0.592664
-0.024778 -0.024191
6
393.267890 420.685808
5.295000 9.953000 12.082942 0 0
0.000000 0.000000 0.000000 0.000000 0.592032
0.017258 0.020788
6
18.416030 319.529008
5.295000 9.953000 12.082942 0 0
0.000000 0.000000 0.000000 0.000000 0.597098
-0.036998 0.016462
6
130.824298 77.234983
5.295000 9.953000 12.082942 0 0
0.000000 0.000000 0.000000 0.000000 0.592521
-0.020924 -0.020926
6
316.940859 34.183312
5.295000 9.953000 12.082942 0 0
0.000000 0.000000 0.000000 0.000000 0.595760
0.007367 -0.034867
6
159.566442 72.554286
5.295000 9.953000 12.082942 0 0
0.000000 0.000000 0.000000 0.000000 0.591509
-0.142085 -0.047017
6
346.955389 27.889580
5.295000 9.953000 12.082942 0 0
0.000000 0.000000 0.000000 0.000000 0.596107
0.020634 -0.034168
6
73.022002 370.551955
5.295000 9.953000 12.082942 0 0
0.000000 0.000000 0.000000 0.000000 0.592167
-0.020626 0.012290
6
214.815826 454.976413
5.295000 9.953000 12.082942 0 0
0.000000 0.000000 0.000000 0.000000 0.593066
0.115763 0.049281
6
271.076675 460.004527
5.295000 9.953000 12.082942 0 0
0.000000 0.000000 0.000000 0.000000 0.592903
-0.049644 -0.008929
6
170.148531 43.416979
5.295000 9.953000 12.082942 0 0
0.000000 0.000000 0.000000 0.000000 0.594642
0.038106 -0.027318
6
59.539942 399.147921
5.295000 9.953000 12.082942 0 0
0.000000 0.000000 0.000000 0.000000 0.594153
-0.054058 0.024690
6
44.895409 280.867441
5.295000 9.953000 12.082942 0 0
0.000000 0.000000 0.000000 0.000000 0.594108
-0.028304 -0.000088
6
64.352492 129.819809
5.295000 9.953000 12.082942 0 0
0.000000 0.000000 0.000000 0.000000 0.593368
-0.048709 -0.009110
6
91.036487 108.741041
5.295000 9.953000 12.082942 0 0
0.000000 0.000000 0.000000 0.000000 0.592375
-0.031971 0.020034
6
383.418150 75.079106
5.295000 9.953000 12.082942 0 0
0.000000 0.000000 0.000000 0.000000 0.593031
0.007369 -0.019271
6
74.367745 101.823891
5.295000 9.953000 12.082942 0 0
0.000000 0.000000 0.000000 0.000000 0.593777
-0.062820 0.009171
6
425.280860 369.755769
5.295000 9.953000 12.082942 0 0
0.000000 0.000000 0.000000 0.000000 0.591431
0.020573 0.016739
6
204.601420 22.855265
5.295000 9.953000 12.082942 0 0
0.000000 0.000000 0.000000 0.000000 0.597007
-0.008168 -0.036111
6
210.420983 437.335237
5.295000 9.953000 12.082942 0 0
0.000000 0.000000 0.000000 0.000000 0.590535
-0.058940 -0.021331
6
6.282248 201.537750
5.295000 9.953000 12.082942 0 0
0.000000 0.000000 0.000000 0.000000 0.599919
-0.034168 -0.008185
6
398.595731 438.793043
5.295000 9.953000 12.082942 0 0
0.000000 0.000000 0.000000 0.000000 0.593561
0.018536 0.027302
6
44.665362 183.655498
5.295000 9.953000 12.082942 0 0
0.000000 0.000000 0.000000 0.000000 0.594520
-0.104166 -0.039088
6
10.539741 230.899138
5.295000 9.953000 12.082942 0 0
0.000000 0.000000 0.000000 0.000000 0.598442
-0.079222 0.012024
6
39.355931 358.714954
5.295000 9.953000 12.082942 0 0
0.000000 0.000000 0.000000 0.000000 0.594964
-0.031580 0.019151
6
421.383348 119.229234
5.295000 9.953000 12.082942 0 0
0.000000 0.000000 0.000000 0.000000 0.591509
0.041209 -0.016461
6
429.794754 247.535390
5.295000 9.953000 12.082942 0 0
0.000000 0.000000 0.000000 0.000000 0.589052
0.012165 -0.005699
6
127.466887 59.722217
5.295000 9.953000 12.082942 0 0
0.000000 0.000000 0.000000 0.000000 0.593746
-0.194249 0.006715
6
156.716282 54.896875
5.295000 9.953000 12.082942 0 0
0.000000 0.000000 0.000000 0.000000 0.593912
-0.041164 -0.006536
6
188.037178 464.701912
5.295000 9.953000 12.082942 0 0
0.000000 0.000000 0.000000 0.000000 0.594642
0.000457 0.020522
6
474.003857 308.423546
5.295000 9.953000 12.082942 0 0
0.000000 0.000000 0.000000 0.000000 0.595811
0.037890 0.008629
6
356.726277 454.375840
5.295000 9.953000 12.082942 0 0
0.000000 0.000000 0.000000 0.000000 0.594068
0.022618 0.028883
6
257.249327 470.947262
5.295000 9.953000 12.082942 0 0
0.000000 0.000000 0.000000 0.000000 0.594240
-0.041280 0.008759
6
124.012932 41.310291
5.295000 9.953000 12.082942 0 0
0.000000 0.000000 0.000000 0.000000 0.595634
-0.018248 -0.040867
6
47.152168 122.727914
5.295000 9.953000 12.082942 0 0
0.000000 0.000000 0.000000 0.000000 0.595584
-0.040673 -0.014955
6
330.543945 21.995603
5.295000 9.953000 12.082942 0 0
0.000000 0.000000 0.000000 0.000000 0.597155
0.010680 -0.036750
6
30.494338 291.458281
5.295000 9.953000 12.082942 0 0
0.000000 0.000000 0.000000 0.000000 0.595487
-0.032010 0.005911
6
216.905354 62.740713
5.295000 9.953000 12.082942 0 0
0.000000 0.000000 0.000000 0.000000 0.591621
-0.001256 -0.014412
6
109.249827 452.965033
5.295000 9.953000 12.082942 0 0
0.000000 0.000000 0.000000 0.000000 0.595029
-0.037627 0.022267
6
480.248802 263.854279
5.295000 9.953000 12.082942 0 0
0.000000 0.000000 0.000000 0.000000 0.595668
0.035046 0.007757
6
254.262141 488.515896
5.295000 9.953000 12.082942 0 0
0.000000 0.000000 0.000000 0.000000 0.596988
0.003468 0.047516
6
412.628639 380.987574
5.295000 9.953000 12.082942 0 0
0.000000 0.000000 0.000000 0.000000 0.591505
0.017788 0.017617
6
476.873834 247.045205
5.295000 9.953000 12.082942 0 0
0.000000 0.000000 0.000000 0.000000 0.595634
0.031926 -0.003540
6
469.230746 353.804512
5.295000 9.953000 12.082942 0 0
0.000000 0.000000 0.000000 0.000000 0.595228
0.067495 -0.009042
6
382.376050 57.960828
5.295000 9.953000 12.082942 0 0
0.000000 0.000000 0.000000 0.000000 0.594762
0.024383 -0.017481
6
488.111130 297.508272
5.295000 9.953000 12.082942 0 0
0.000000 0.000000 0.000000 0.000000 0.597100
0.047213 0.047437
6
363.561482 33.831288
5.295000 9.953000 12.082942 0 0
0.000000 0.000000 0.000000 0.000000 0.596406
0.026895 -0.033738
6
431.735281 89.162772
5.295000 9.953000 12.082942 0 0
0.000000 0.000000 0.000000 0.000000 0.593781
0.056211 -0.025128
6
269.768599 441.593525
5.295000 9.953000 12.082942 0 0
0.000000 0.000000 0.000000 0.000000 0.591493
-0.072568 0.071636
6
27.990362 274.725272
5.295000 9.953000 12.082942 0 0
0.000000 0.000000 0.000000 0.000000 0.595459
-0.033245 -0.009878
6
17.898026 215.050515
5.295000 9.953000 12.082942 0 0
0.000000 0.000000 0.000000 0.000000 0.596885
-0.045667 -0.006805
6
209.549738 4.376937
5.295000 9.953000 12.082942 0 0
0.000000 0.000000 0.000000 0.000000 0.599951
-0.015697 -0.034478
6
314.153660 16.122225
5.295000 9.953000 12.082942 0 0
0.000000 0.000000 0.000000 0.000000 0.598448
0.009593 -0.036441
6
461.322561 380.720895
5.295000 9.953000 12.082942 0 0
0.000000 0.000000 0.000000 0.000000 0.594643
0.042205 0.016270
6
41.479782 376.231429
5.295000 9.953000 12.082942 0 0
0.000000 0.000000 0.000000 0.000000 0.595485
-0.037108 0.040876
6
209.632270 486.958663
5.295000 9.953000 12.082942 0 0
0.000000 0.000000 0.000000 0.000000 0.597163
-0.004137 0.039198
6
141.977410 467.030852
5.295000 9.953000 12.082942 0 0
0.000000 0.000000 0.000000 0.000000 0.595317
-0.017530 0.033870
6
373.032120 462.226782
5.295000 9.953000 12.082942 0 0
0.000000 0.000000 0.000000 0.000000 0.594624
0.011852 0.037987
6
36.636338 150.740160
5.295000 9.953000 12.082942 0 0
0.000000 0.000000 0.000000 0.000000 0.595021
-0.050414 -0.039125
6
175.415087 478.013402
5.295000 9.953000 12.082942 0 0
0.000000 0.000000 0.000000 0.000000 0.596019
-0.010389 0.035672
6
270.760379 496.535467
5.295000 9.953000 12.082942 0 0
0.000000 0.000000 0.000000 0.000000 0.598480
0.004933 0.041277
6
23.030245 162.989133
5.295000 9.953000 12.082942 0 0
0.000000 0.000000 0.000000 0.000000 0.597266
-0.047932 -0.021498
6
401.746696 98.548490
5.295000 9.953000 12.082942 0 0
0.000000 0.000000 0.000000 0.000000 0.592523
0.075656 0.057147
6
470.372234 213.536072
5.295000 9.953000 12.082942 0 0
0.000000 0.000000 0.000000 0.000000 0.594344
0.031696 -0.008599
6
314.151869 465.370479
5.295000 9.953000 12.082942 0 0
0.000000 0.000000 0.000000 0.000000 0.594554
0.003023 0.038139
6
153.737269 36.928261
5.295000 9.953000 12.082942 0 0
0.000000 0.000000 0.000000 0.000000 0.596136
-0.055761 -0.033422
6
400.129565 392.218167
5.295000 9.953000 12.082942 0 0
0.000000 0.000000 0.000000 0.000000 0.590643
0.018114 0.015395
6
97.729100 62.887956
5.295000 9.953000 12.082942 0 0
0.000000 0.000000 0.000000 0.000000 0.594544
-0.041602 -0.023562
6
299.488559 456.880805
5.295000 9.953000 12.082942 0 0
0.000000 0.000000 0.000000 0.000000 0.593099
0.005170 0.024611
6
20.981738 337.302488
5.295000 9.953000 12.082942 0 0
0.000000 0.000000 0.000000 0.000000 0.597168
-0.035772 0.020862
6
201.088588 56.656263
5.295000 9.953000 12.082942 0 0
0.000000 0.000000 0.000000 0.000000 0.593004
0.001903 -0.019019
6
451.825472 111.548306
5.295000 9.953000 12.082942 0 0
0.000000 0.000000 0.000000 0.000000 0.594363
0.039792 -0.036555
6
11.117670 183.958756
5.295000 9.953000 12.082942 0 0
0.000000 0.000000 0.000000 0.000000 0.598504
-0.054269 -0.004925
6
241.492353 445.272961
5.295000 9.953000 12.082942 0 0
0.000000 0.000000 0.000000 0.000000 0.591504
-0.084839 -0.137207
6
433.008267 264.149654
5.295000 9.953000 12.082942 0 0
0.000000 0.000000 0.000000 0.000000 0.590334
0.024178 0.004971
6
349.440095 45.792057
5.295000 9.953000 12.082942 0 0
0.000000 0.000000 0.000000 0.000000 0.594959
0.017833 -0.032093
6
300.728451 476.051125
5.295000 9.953000 12.082942 0 0
0.000000 0.000000 0.000000 0.000000 0.595690
0.005038 0.034774
6
467.199129 196.777385
5.295000 9.953000 12.082942 0 0
0.000000 0.000000 0.000000 0.000000 0.594653
0.033909 -0.006934
6
13.087170 284.838232
5.295000 9.953000 12.082942 0 0
0.000000 0.000000 0.000000 0.000000 0.598335
-0.035799 0.006223
6
300.704812 28.351639
5.295000 9.953000 12.082942 0 0
0.000000 0.000000 0.000000 0.000000 0.595642
0.009282 -0.032193
6
40.018029 247.065441
5.295000 9.953000 12.082942 0 0
0.000000 0.000000 0.000000 0.000000 0.594048
-0.023825 -0.009942
6
254.951850 28.298194
5.295000 9.953000 12.082942 0 0
0.000000 0.000000 0.000000 0.000000 0.595491
0.001111 -0.038838
6
464.475805 336.667240
5.295000 9.953000 12.082942 0 0
0.000000 0.000000 0.000000 0.000000 0.594824
0.032193 0.011908
6
125.649514 460.271978
5.295000 9.953000 12.082942 0 0
0.000000 0.000000 0.000000 0.000000 0.594831
-0.034235 0.024850
6
238.564330 22.335446
5.295000 9.953000 12.082942 0 0
0.000000 0.000000 0.000000 0.000000 0.596865
0.008723 -0.045598
6
198.947389 450.938216
5.295000 9.953000 12.082942 0 0
0.000000 0.000000 0.000000 0.000000 0.591913
-0.114473 -0.001233
6
15.784348 302.143323
5.295000 9.953000 12.082942 0 0
0.000000 0.000000 0.000000 0.000000 0.598432
-0.036250 0.011553
6
76.175724 404.756514
5.295000 9.953000 12.082942 0 0
0.000000 0.000000 0.000000 0.000000 0.593810
-0.017114 0.031048
6
140.684238 48.144591
5.295000 9.953000 12.082942 0 0
0.000000 0.000000 0.000000 0.000000 0.594149
0.067675 -0.115077
6
327.429438 455.191751
5.295000 9.953000 12.082942 0 0
0.000000 0.000000 0.000000 0.000000 0.593506
0.009839 0.029945
6
452.981579 286.202505
5.295000 9.953000 12.082942 0 0
0.000000 0.000000 0.000000 0.000000 0.593072
0.018873 0.015118
6
297.615784 10.210362
5.295000 9.953000 12.082942 0 0
0.000000 0.000000 0.000000 0.000000 0.598503
-0.002736 -0.043630
6
477.897807 325.456011
5.295000 9.953000 12.082942 0 0
0.000000 0.000000 0.000000 0.000000 0.596026
0.082145 0.029110
6
464.058014 179.949086
5.295000 9.953000 12.082942 0 0
0.000000 0.000000 0.000000 0.000000 0.594749
0.032806 -0.012760
6
418.082556 102.071506
5.295000 9.953000 12.082942 0 0
0.000000 0.000000 0.000000 0.000000 0.592542
-0.003250 -0.021696
6
229.546419 51.490870
5.295000 9.953000 12.082942 0 0
0.000000 0.000000 0.000000 0.000000 0.592800
0.001045 -0.026418
6
34.374261 211.902897
5.295000 9.953000 12.082942 0 0
0.000000 0.000000 0.000000 0.000000 0.595557
-0.053145 -0.023893
6
460.958403 163.071910
5.295000 9.953000 12.082942 0 0
0.000000 0.000000 0.000000 0.000000 0.593873
0.033955 -0.011450
6
463.078320 258.273664
5.295000 9.953000 12.082942 0 0
0.000000 0.000000 0.000000 0.000000 0.594260
0.025710 -0.005596
6
192.420657 482.585931
5.295000 9.953000 12.082942 0 0
0.000000 0.000000 0.000000 0.000000 0.595888
-0.002147 0.036622
6
239.329614 478.185771
5.295000 9.953000 12.082942 0 0
0.000000 0.000000 0.000000 0.000000 0.595590
0.016851 0.018777
6
447.962633 392.434352
5.295000 9.953000 12.082942 0 0
0.000000 0.000000 0.000000 0.000000 0.594330
0.037642 0.018328
6
398.194181 49.480597
5.295000 9.953000 12.082942 0 0
0.000000 0.000000 0.000000 0.000000 0.595113
0.009446 -0.066091
6
466.416900 274.988654
5.295000 9.953000 12.082942 0 0
0.000000 0.000000 0.000000 0.000000 0.594335
0.035431 0.005484
6
494.481196 252.917998
5.295000 9.953000 12.082942 0 0
0.000000 0.000000 0.000000 0.000000 0.598549
0.041731 0.006247
6
319.700550 51.783741
5.295000 9.953000 12.082942 0 0
0.000000 0.000000 0.000000 0.000000 0.593251
0.008557 -0.027036
6
167.670064 25.619900
5.295000 9.953000 12.082942 0 0
0.000000 0.000000 0.000000 0.000000 0.597328
-0.002467 -0.074466
6
481.372277 185.040092
5.295000 9.953000 12.082942 0 0
0.000000 0.000000 0.000000 0.000000 0.596020
0.037166 -0.014011
6
376.240615 414.811662
5.295000 9.953000 12.082942 0 0
0.000000 0.000000 0.000000 0.000000 0.590972
0.021469 0.010228
6
70.731702 84.091170
5.295000 9.953000 12.082942 0 0
0.000000 0.000000 0.000000 0.000000 0.594774
-0.052470 -0.014078
6
470.038806 291.753274
5.295000 9.953000 12.082942 0 0
0.000000 0.000000 0.000000 0.000000 0.594353
0.030124 0.004707
6
191.928047 9.642242
5.295000 9.953000 12.082942 0 0
0.000000 0.000000 0.000000 0.000000 0.598537
-0.020051 -0.029635
6
108.737860 434.992518
5.295000 9.953000 12.082942 0 0
0.000000 0.000000 0.000000 0.000000 0.593373
-0.004242 0.029120
6
258.343581 45.901955
5.295000 9.953000 12.082942 0 0
0.000000 0.000000 0.000000 0.000000 0.594131
-0.003019 -0.021719
6
410.408806 426.805830
5.295000 9.953000 12.082942 0 0
0.000000 0.000000 0.000000 0.000000 0.593214
0.021503 0.023476
6
54.458691 157.245523
5.295000 9.953000 12.082942 0 0
0.000000 0.000000 0.000000 0.000000 0.593849
-0.001959 -0.000088
6
56.366566 364.537864
5.295000 9.953000 12.082942 0 0
0.000000 0.000000 0.000000 0.000000 0.594137
-0.030564 0.003377
6
188.329570 67.778931
5.295000 9.953000 12.082942 0 0
0.000000 0.000000 0.000000 0.000000 0.592103
-0.022043 -0.005717
6
71.140791 163.915748
5.295000 9.953000 12.082942 0 0
0.000000 0.000000 0.000000 0.000000 0.591422
-0.069542 0.006747
6
61.084471 112.492465
5.295000 9.953000 12.082942 0 0
0.000000 0.000000 0.000000 0.000000 0.594169
-0.018525 -0.024091
6
358.469871 472.840215
5.295000 9.953000 12.082942 0 0
0.000000 0.000000 0.000000 0.000000 0.595243
0.002347 0.046649
6
457.708143 146.187453
5.295000 9.953000 12.082942 0 0
0.000000 0.000000 0.000000 0.000000 0.594322
0.027430 -0.024279
6
367.716981 69.008868
5.295000 9.953000 12.082942 0 0
0.000000 0.000000 0.000000 0.000000 0.592275
0.010773 -0.036287
6
32.993480 133.473769
5.295000 9.953000 12.082942 0 0
0.000000 0.000000 0.000000 0.000000 0.596425
-0.040591 -0.015497
6
287.492209 40.184181
5.295000 9.953000 12.082942 0 0
0.000000 0.000000 0.000000 0.000000 0.594152
0.007094 -0.027475
6
168.087966 442.543926
5.295000 9.953000 12.082942 0 0
0.000000 0.000000 0.000000 0.000000 0.592648
-0.051127 0.010975
6
487.815817 218.882873
5.295000 9.953000 12.082942 0 0
0.000000 0.000000 0.000000 0.000000 0.597085
0.037806 -0.003822
6
386.451038 450.874304
5.295000 9.953000 12.082942 0 0
0.000000 0.000000 0.000000 0.000000 0.593991
0.011753 0.036979
6
298.074842 438.492687
5.295000 9.953000 12.082942 0 0
0.000000 0.000000 0.000000 0.000000 0.590505
-0.008744 0.005742
6
286.723531 486.783272
5.295000 9.953000 12.082942 0 0
0.000000 0.000000 0.000000 0.000000 0.597020
0.057808 0.067807
6
444.031103 158.015739
5.295000 9.953000 12.082942 0 0
0.000000 0.000000 0.000000 0.000000 0.593045
0.023845 -0.014154
6
42.439587 264.107649
5.295000 9.953000 12.082942 0 0
0.000000 0.000000 0.000000 0.000000 0.593928
-0.032552 -0.010391
6
460.379861 319.625743
5.295000 9.953000 12.082942 0 0
0.000000 0.000000 0.000000 0.000000 0.593376
0.027044 0.015983
6
447.130776 330.638169
5.295000 9.953000 12.082942 0 0
0.000000 0.000000 0.000000 0.000000 0.592581
0.028364 0.005435
6
329.639205 473.804615
5.295000 9.953000 12.082942 0 0
0.000000 0.000000 0.000000 0.000000 0.596010
0.035371 0.038476
6
408.002819 131.415680
5.295000 9.953000 12.082942 0 0
0.000000 0.000000 0.000000 0.000000 0.590135
0.025124 0.036197
6
340.692426 445.859299
5.295000 9.953000 12.082942 0 0
0.000000 0.000000 0.000000 0.000000 0.592743
0.000186 0.035678
6
451.122286 347.400605
5.295000 9.953000 12.082942 0 0
0.000000 0.000000 0.000000 0.000000 0.592778
0.026838 0.015925
6
33.041920 308.211073
5.295000 9.953000 12.082942 0 0
0.000000 0.000000 0.000000 0.000000 0.595610
-0.032652 0.009745
6
49.509494 219.810174
5.295000 9.953000 12.082942 0 0
0.000000 0.000000 0.000000 0.000000 0.592738
0.003822 -0.021199
6
303.616095 46.001198
5.295000 9.953000 12.082942 0 0
0.000000 0.000000 0.000000 0.000000 0.594359
0.004493 -0.030399
6
234.061467 4.507714
5.295000 9.953000 12.082942 0 0
0.000000 0.000000 0.000000 0.000000 0.599908
-0.001377 -0.041141
6
498.066842 270.442640
5.295000 9.953000 12.082942 0 0
0.000000 0.000000 0.000000 0.000000 0.598590
0.041525 0.010726
6
35.551090 324.982147
5.295000 9.953000 12.082942 0 0
0.000000 0.000000 0.000000 0.000000 0.595718
-0.032206 0.011102
6
335.753478 57.517219
5.295000 9.953000 12.082942 0 0
0.000000 0.000000 0.000000 0.000000 0.593513
0.010263 -0.029467
6
491.087295 235.809433
5.295000 9.953000 12.082942 0 0
0.000000 0.000000 0.000000 0.000000 0.597055
0.038275 0.000858
6
353.724969 436.843605
5.295000 9.953000 12.082942 0 0
0.000000 0.000000 0.000000 0.000000 0.592036
0.020270 0.018883
6
124.149529 441.948155
5.295000 9.953000 12.082942 0 0
0.000000 0.000000 0.000000 0.000000 0.593030
-0.031794 0.026820
6
447.174501 174.804830
5.295000 9.953000 12.082942 0 0
0.000000 0.000000 0.000000 0.000000 0.592569
0.028008 -0.006081
6
227.249015 491.225307
5.295000 9.953000 12.082942 0 0
0.000000 0.000000 0.000000 0.000000 0.597137
-0.006047 0.055096
6
435.104150 403.877595
5.295000 9.953000 12.082942 0 0
0.000000 0.000000 0.000000 0.000000 0.593943
0.032077 0.020305
6
25.727991 258.160961
5.295000 9.953000 12.082942 0 0
0.000000 0.000000 0.000000 0.000000 0.596915
-0.036876 0.018411
6
450.280137 191.539288
5.295000 9.953000 12.082942 0 0
0.000000 0.000000 0.000000 0.000000 0.592172
0.026509 -0.008979
6
280.721018 4.134330
5.295000 9.953000 12.082942 0 0
0.000000 0.000000 0.000000 0.000000 0.599951
-0.003735 -0.044950
6
251.472992 9.989253
5.295000 9.953000 12.082942 0 0
0.000000 0.000000 0.000000 0.000000 0.598366
-0.004865 -0.043715
6
365.864586 51.641068
5.295000 9.953000 12.082942 0 0
0.000000 0.000000 0.000000 0.000000 0.594202
0.024312 -0.025353
6
195.360156 433.411770
5.295000 9.953000 12.082942 0 0
0.000000 0.000000 0.000000 0.000000 0.590870
0.034721 0.031757
6
442.643645 375.462995
5.295000 9.953000 12.082942 0 0
0.000000 0.000000 0.000000 0.000000 0.593644
0.028652 0.018276
6
23.927911 241.484580
5.295000 9.953000 12.082942 0 0
0.000000 0.000000 0.000000 0.000000 0.596872
-0.079621 -0.052094
6
229.325214 458.427031
5.295000 9.953000 12.082942 0 0
0.000000 0.000000 0.000000 0.000000 0.592917
-0.147665 0.010580
6
403.681629 66.418071
5.295000 9.953000 12.082942 0 0
0.000000 0.000000 0.000000 0.000000 0.593874
0.042104 -0.030532
6
114.718761 70.249989
5.295000 9.953000 12.082942 0 0
0.000000 0.000000 0.000000 0.000000 0.593363
0.083424 -0.190113
6
45.390927 200.316871
5.295000 9.953000 12.082942 0 0
0.000000 0.000000 0.000000 0.000000 0.594381
0.015276 0.106087
6
434.763732 106.837826
5.295000 9.953000 12.082942 0 0
0.000000 0.000000 0.000000 0.000000 0.593949
0.046811 -0.019491
