500 500
726 0
0 4
6
321.207 225.556
5.295 9.953 12.0829 0 0
0 0 0 0 0.57654
0.00651398 -0.0010751
6
362.582 211.034
5.295 9.953 12.0829 0 0
0 0 0 0 0.582682
0.0116094 0.00882802
6
271.28 364.859
5.295 9.953 12.0829 0 0
0 0 0 0 0.581523
0.000391231 0.0184359
6
290.892 214.809
5.295 9.953 12.0829 0 0
0 0 0 0 0.571587
0.00824161 -0.0195449
6
201.992 276.837
5.295 9.953 12.0829 0 0
0 0 0 0 0.57009
0.018273 0.0180673
6
296.999 344.394
5.295 9.953 12.0829 0 0
0 0 0 0 0.579679
-0.00236776 0.00107312
6
269.782 289.766
5.295 9.953 12.0829 0 0
0 0 0 0 0.567975
-0.0139421 0.0210256
6
278.035 206.195
5.295 9.953 12.0829 0 0
0 0 0 0 0.572431
-0.0057302 -0.0379811
6
263.851 158.183
5.295 9.953 12.0829 0 0
0 0 0 0 0.579873
0.0031172 -0.00816949
6
213.321 219.365
5.295 9.953 12.0829 0 0
0 0 0 0 0.571739
-0.0091034 -0.0108724
6
201.02 309.293
5.295 9.953 12.0829 0 0
0 0 0 0 0.574759
0.0137447 0.0120388
6
245.322 311.378
5.295 9.953 12.0829 0 0
0 0 0 0 0.571187
-0.00180346 0.0293005
6
195.772 196.467
5.295 9.953 12.0829 0 0
0 0 0 0 0.576975
-0.00487998 -0.00300363
6
189.519 143.774
5.295 9.953 12.0829 0 0
0 0 0 0 0.583376
0.0117174 0.00366893
6
373.264 183.889
5.295 9.953 12.0829 0 0
0 0 0 0 0.584823
0.00409769 0.00415913
6
292.347 153.147
5.295 9.953 12.0829 0 0
0 0 0 0 0.580928
-0.00258648 -0.00556758
6
192.501 353.402
5.295 9.953 12.0829 0 0
0 0 0 0 0.581802
-0.0062488 0.00902729
6
213.583 299.216
5.295 9.953 12.0829 0 0
0 0 0 0 0.57193
0.00999282 0.00374815
6
333.731 153.237
5.295 9.953 12.0829 0 0
0 0 0 0 0.58341
-0.0135007 0.0108
6
279.265 235.899
5.295 9.953 12.0829 0 0
0 0 0 0 0.56324
-0.0185832 -0.00923958
6
355.381 95.4509
5.295 9.953 12.0829 0 0
0 0 0 0 0.590062
-0.00502424 -0.0271596
6
361.699 270.618
5.295 9.953 12.0829 0 0
0 0 0 0 0.580404
0.0151435 -0.00122289
6
231.978 146.767
5.295 9.953 12.0829 0 0
0 0 0 0 0.581348
0.00358574 -0.00737555
6
190.621 265.441
5.295 9.953 12.0829 0 0
0 0 0 0 0.572136
0.0202935 0.0216253
6
243.916 268.882
5.295 9.953 12.0829 0 0
0 0 0 0.37898 0.558398
-0.0136954 -0.0145532
6
261.871 228.298
5.295 9.953 12.0829 0 0
0 0 0 0 0.566019
0.0288092 -0.0757417
6
238.113 281.504
5.295 9.953 12.0829 0 0
0 0 0 0.508091 0.56331
-0.00132351 0.00416592
6
227.037 290.912
5.295 9.953 12.0829 0 0
0 0 0 0 0.568376
0.0127435 0.028484
6
372.37 259.385
5.295 9.953 12.0829 0 0
0 0 0 0 0.582789
0.0198616 0.000383846
6
185.414 303.397
5.295 9.953 12.0829 0 0
0 0 0 0 0.577262
0.0141381 0.00145157
6
307.692 158.946
5.295 9.953 12.0829 0 0
0 0 0 0 0.581477
-0.00681857 -0.0072861
1
236.17 238.94
5.295 9.953 12.0829 0 0
0.2 2.65 0 2.51187 0.559071
-0.0127892 -0.0452084
6
324.062 241.346
5.295 9.953 12.0829 0 0
0 0 0 0 0.575615
-0.00693487 0.00839615
6
139.071 301.5
5.295 9.953 12.0829 0 0
0 0 0 0 0.583373
-0.000864937 0.0191952
6
281.977 263.624
5.295 9.953 12.0829 0 0
0 0 0 0 0.565624
-0.000887978 0.0518486
6
198.568 229.98
5.295 9.953 12.0829 0 0
0 0 0 0 0.570746
-0.0212714 0.022896
6
169.697 233.37
5.295 9.953 12.0829 0 0
0 0 0 0 0.576458
-0.00953807 -0.00197128
6
293.572 230.89
5.295 9.953 12.0829 0 0
0 0 0 0 0.570408
-0.0170922 -0.0022403
6
224.384 175.069
5.295 9.953 12.0829 0 0
0 0 0 0 0.577334
0.0158351 -0.00918581
6
226.357 270.186
5.295 9.953 12.0829 0 0
0 0 0 0.07852 0.563968
0.0204366 -0.0352456
6
192.777 180.065
5.295 9.953 12.0829 0 0
0 0 0 0 0.579286
-0.00537611 -0.0128759
6
303.363 327.282
5.295 9.953 12.0829 0 0
0 0 0 0 0.57681
0.0290351 0.0137091
6
339.764 247.061
5.295 9.953 12.0829 0 0
0 0 0 0 0.577255
-0.0109608 -0.00364892
6
184.514 238.874
5.295 9.953 12.0829 0 0
0 0 0 0 0.574326
-0.0236407 0.0283253
6
167.678 299.129
5.295 9.953 12.0829 0 0
0 0 0 0 0.579088
-0.00907413 0.0191575
6
301.798 279.97
5.295 9.953 12.0829 0 0
0 0 0 0 0.573373
0.0143453 -0.00460272
6
157.944 222.02
5.295 9.953 12.0829 0 0
0 0 0 0 0.579863
-0.00253548 0.0295436
6
297.394 264.661
5.295 9.953 12.0829 0 0
0 0 0 0 0.569253
-0.00244116 -0.00230923
6
295.072 169.827
5.295 9.953 12.0829 0 0
0 0 0 0 0.578457
-0.00228241 -0.00617885
6
176.316 270.513
5.295 9.953 12.0829 0 0
0 0 0 0 0.576181
0.00565995 0.0241485
6
179.147 343.851
5.295 9.953 12.0829 0 0
0 0 0 0 0.582069
0.000264714 -0.00250404
6
184.717 223.184
5.295 9.953 12.0829 0 0
0 0 0 0 0.575387
-0.0157346 0.0128986
6
286.348 278.947
5.295 9.953 12.0829 0 0
0 0 0 0 0.567864
0.00439533 0.0407975
2
249.137 244.765
5.295 9.953 12.0829 0 0
0.2 0 0 1.84217 0.557165
0.07178 -0.0210178
6
273.743 306.054
5.295 9.953 12.0829 0 0
0 0 0 0 0.572404
-0.0182296 0.0316338
6
224.959 207.597
5.295 9.953 12.0829 0 0
0 0 0 0 0.572369
-0.0112937 -0.0136984
6
227.414 380.877
5.295 9.953 12.0829 0 0
0 0 0 0 0.584142
0.0248415 0.0232174
6
292.459 247.738
5.295 9.953 12.0829 0 0
0 0 0 0 0.569438
0.0135024 -0.00630417
6
241.712 210.592
5.295 9.953 12.0829 0 0
0 0 0 0 0.568761
-0.00626653 -0.0564195
6
325.32 180.386
5.295 9.953 12.0829 0 0
0 0 0 0 0.579766
-0.00447525 -0.0106074
6
268.316 173.988
5.295 9.953 12.0829 0 0
0 0 0 0 0.576976
0.00239081 -0.0116784
6
219.454 157.578
5.295 9.953 12.0829 0 0
0 0 0 0 0.580639
0.00888573 -0.00487144
6
301.957 203.173
5.295 9.953 12.0829 0 0
0 0 0 0 0.575561
0.0115078 -0.00426703
6
210.508 202.378
5.295 9.953 12.0829 0 0
0 0 0 0 0.573381
-0.0135848 -0.00084353
6
197.472 164.847
5.295 9.953 12.0829 0 0
0 0 0 0 0.581241
0.00820154 -0.0140931
6
211.592 236.265
5.295 9.953 12.0829 0 0
0 0 0 0 0.569941
-0.0185375 -0.0109382
6
223.837 231.663
5.295 9.953 12.0829 0 0
0 0 0 0.000324 0.568368
0.0235208 -0.0138742
6
232.065 221.244
5.295 9.953 12.0829 0 0
0 0 0 0.014677 0.566499
0.0169348 -0.0149017
6
268.912 192.285
5.295 9.953 12.0829 0 0
0 0 0 0 0.573624
-0.00658572 -0.00758667
6
139.976 223.69
5.295 9.953 12.0829 0 0
0 0 0 0 0.581178
-0.015565 0.0121352
6
250.719 344.498
5.295 9.953 12.0829 0 0
0 0 0 0 0.578368
0.00579632 0.0360199
6
159.118 321.675
5.295 9.953 12.0829 0 0
0 0 0 0 0.582191
0.0225924 -0.00140288
6
232.546 322.139
5.295 9.953 12.0829 0 0
0 0 0 0 0.575421
0.00263644 0.0296288
6
148.132 271.015
5.295 9.953 12.0829 0 0
0 0 0 0 0.580949
-0.0104918 0.00868068
6
165.682 376.768
5.295 9.953 12.0829 0 0
0 0 0 0 0.585663
-0.025816 -0.0116076
6
143.284 318.922
5.295 9.953 12.0829 0 0
0 0 0 0 0.582658
0.00979999 0.0392487
6
270.932 275.033
5.295 9.953 12.0829 0 0
0 0 0 0 0.563558
-0.00933554 0.0163891
6
153.286 292.367
5.295 9.953 12.0829 0 0
0 0 0 0 0.580382
-0.00532611 0.0161718
6
298.477 295.253
5.295 9.953 12.0829 0 0
0 0 0 0 0.574456
-0.0103789 -0.00265742
6
314.3 192.373
5.295 9.953 12.0829 0 0
0 0 0 0 0.577782
0.00818265 -0.00396981
6
246.871 227.054
5.295 9.953 12.0829 0 0
0 0 0 0.412907 0.561921
0.0420035 -0.0708472
6
290.48 311.169
5.295 9.953 12.0829 0 0
0 0 0 0 0.574442
-0.00078418 0.0107814
6
258.122 299.883
5.295 9.953 12.0829 0 0
0 0 0 0 0.568733
-0.00927711 0.0240538
6
214.989 282.269
5.295 9.953 12.0829 0 0
0 0 0 0 0.570262
0.0412182 -0.0162572
6
322.255 256.622
5.295 9.953 12.0829 0 0
0 0 0 0 0.57551
0.0589095 0.030346
6
208.082 185.854
5.295 9.953 12.0829 0 0
0 0 0 0 0.577244
-0.018739 -0.00891233
6
275.902 221.376
5.295 9.953 12.0829 0 0
0 0 0 0 0.568138
0.0139752 -0.0410657
6
134.893 193.853
5.295 9.953 12.0829 0 0
0 0 0 0 0.584248
-0.0164279 0.0347928
6
308.317 236.959
5.295 9.953 12.0829 0 0
0 0 0 0 0.572473
-0.0040281 -0.00748801
6
239.292 180.525
5.295 9.953 12.0829 0 0
0 0 0 0 0.575348
0.0170379 -0.0222827
6
255.126 281.753
5.295 9.953 12.0829 0 0
0 0 0 0 0.565898
-0.0132259 0.00542325
6
235.069 163.25
5.295 9.953 12.0829 0 0
0 0 0 0 0.578461
0.0111589 -0.011443
6
310.558 175.186
5.295 9.953 12.0829 0 0
0 0 0 0 0.579855
-0.00157589 -0.0105494
1
236.359 256.103
5.295 9.953 12.0829 0 0
0.2 2.65 0 2.21099 0.558089
0.0219321 -0.0454248
6
198.347 213.288
5.295 9.953 12.0829 0 0
0 0 0 0 0.574718
-0.00660011 0.0122298
6
154.487 307.497
5.295 9.953 12.0829 0 0
0 0 0 0 0.580958
-0.0112827 0.0168135
6
329.201 357.282
5.295 9.953 12.0829 0 0
0 0 0 0 0.5828
-0.00968604 0.0146589
6
188.333 280.399
5.295 9.953 12.0829 0 0
0 0 0 0 0.573001
0.00822766 0.0271641
6
129.962 346.959
5.295 9.953 12.0829 0 0
0 0 0 0 0.585568
-0.0359294 0.0189985
6
248.236 327.711
5.295 9.953 12.0829 0 0
0 0 0 0 0.575258
-0.00266328 0.037112
6
191.87 335.58
5.295 9.953 12.0829 0 0
0 0 0 0 0.580224
0.00874931 0.00971132
6
243.297 295.559
5.295 9.953 12.0829 0 0
0 0 0 0 0.568787
-0.00205364 0.0189961
6
260.593 316.304
5.295 9.953 12.0829 0 0
0 0 0 0 0.573667
-0.00817349 0.031845
6
178.461 289.472
5.295 9.953 12.0829 0 0
0 0 0 0 0.575515
-0.0181942 0.0112434
6
287.391 195.751
5.295 9.953 12.0829 0 0
0 0 0 0 0.574962
0.0231399 -0.0170534
6
313.758 290.45
5.295 9.953 12.0829 0 0
0 0 0 0 0.574992
0.0210528 0.0323506
6
317.104 209.528
5.295 9.953 12.0829 0 0
0 0 0 0 0.576802
0.00738284 -0.000429929
6
171.167 216.479
5.295 9.953 12.0829 0 0
0 0 0 0 0.578984
-0.0055422 -0.00684665
6
172.504 313.362
5.295 9.953 12.0829 0 0
0 0 0 0 0.579248
0.0220321 0.00422751
6
164.482 186.029
5.295 9.953 12.0829 0 0
0 0 0 0 0.581096
0.015504 0.0124303
6
164.469 282.469
5.295 9.953 12.0829 0 0
0 0 0 0 0.578093
-0.0135838 0.00869694
6
305.788 220.363
5.295 9.953 12.0829 0 0
0 0 0 0 0.573371
-0.00237977 7.32846e-05
6
247.7 151.918
5.295 9.953 12.0829 0 0
0 0 0 0 0.579741
0.00366721 -0.00310509
6
223.541 247.681
5.295 9.953 12.0829 0 0
0 0 0 0.195463 0.562926
0.00633759 -0.0306726
6
150.567 195.032
5.295 9.953 12.0829 0 0
0 0 0 0 0.581462
-0.0103857 0.0149453
6
178.997 253.649
5.295 9.953 12.0829 0 0
0 0 0 0 0.576036
-0.00418029 0.0365481
6
284.189 294.625
5.295 9.953 12.0829 0 0
0 0 0 0 0.571651
-0.0189924 0.0449068
6
175.408 328.644
5.295 9.953 12.0829 0 0
0 0 0 0 0.581099
0.00686236 0.00409109
6
282.578 180.776
5.295 9.953 12.0829 0 0
0 0 0 0 0.576424
0.00031738 -0.00612385
6
352.895 237.505
5.295 9.953 12.0829 0 0
0 0 0 0 0.580352
0.00526364 0.0065874
6
197.943 117.416
5.295 9.953 12.0829 0 0
0 0 0 0 0.586111
0.011241 -0.0129418
6
127.596 283.509
5.295 9.953 12.0829 0 0
0 0 0 0 0.584162
-0.0153131 -0.0107958
6
250.536 194.365
5.295 9.953 12.0829 0 0
0 0 0 0 0.571246
-0.0138417 0.00319238
6
204.151 150.927
5.295 9.953 12.0829 0 0
0 0 0 0 0.58109
0.0151186 -0.00826154
6
387.436 176.565
5.295 9.953 12.0829 0 0
0 0 0 0 0.586325
-0.00523032 0.0144483
6
219.653 332.218
5.295 9.953 12.0829 0 0
0 0 0 0 0.578069
0.00578875 0.0245273
6
216.829 315.523
5.295 9.953 12.0829 0 0
0 0 0 0 0.575118
0.00690233 0.0160235
6
349.648 220.588
5.295 9.953 12.0829 0 0
0 0 0 0 0.579319
0.008241 -0.000588448
6
264.156 241.964
5.295 9.953 12.0829 0 0
0 0 0 0 0.56367
0.0280906 0.104999
6
210.253 170.561
5.295 9.953 12.0829 0 0
0 0 0 0 0.579899
0.0108238 -0.0031506
6
307.614 252.729
5.295 9.953 12.0829 0 0
0 0 0 0 0.573643
0.0175451 -0.00489541
6
138.55 242.129
5.295 9.953 12.0829 0 0
0 0 0 0 0.580921
-0.0592625 0.0147863
6
236.182 196.442
5.295 9.953 12.0829 0 0
0 0 0 0 0.573287
-0.0297928 -0.0476049
2
276.55 250.46
5.295 9.953 12.0829 0 0
0.2 0 0 0 0.557965
-0.00389076 0.0106566
6
145.259 352.643
5.295 9.953 12.0829 0 0
0 0 0 0 0.585428
-0.0228904 -0.0146965
6
255.893 181.446
5.295 9.953 12.0829 0 0
0 0 0 0 0.575131
0.011045 0.00654965
6
131.844 268.4
5.295 9.953 12.0829 0 0
0 0 0 0 0.582123
-0.0056218 -0.00638493
6
335.296 313.009
5.295 9.953 12.0829 0 0
0 0 0 0 0.579297
-0.00565836 0.0192591
6
283.805 104.852
5.295 9.953 12.0829 0 0
0 0 0 0 0.586682
-0.00106598 0.0119707
6
181.794 382.632
5.295 9.953 12.0829 0 0
0 0 0 0 0.585477
-0.0197535 0.00960845
6
346.455 203.357
5.295 9.953 12.0829 0 0
0 0 0 0 0.580345
0.00672995 -0.00709485
6
166.549 201.672
5.295 9.953 12.0829 0 0
0 0 0 0 0.579608
-0.00849348 0.00362982
6
229.813 306.016
5.295 9.953 12.0829 0 0
0 0 0 0 0.572497
0.0043419 0.0274673
6
195.991 370.22
5.295 9.953 12.0829 0 0
0 0 0 0 0.582918
-0.00276367 0.00440759
6
213.627 123.8
5.295 9.953 12.0829 0 0
0 0 0 0 0.584312
0.00703398 -0.00888803
6
266.921 349.365
5.295 9.953 12.0829 0 0
0 0 0 0 0.578614
-0.00860734 0.0305671
6
188.456 319.444
5.295 9.953 12.0829 0 0
0 0 0 0 0.578143
0.0140999 0.0089911
6
206.604 342.586
5.295 9.953 12.0829 0 0
0 0 0 0 0.579993
0.00428072 0.0167939
6
337.472 388.893
5.295 9.953 12.0829 0 0
0 0 0 0 0.586298
0.00311038 -0.00250349
6
427.816 308.52
5.295 9.953 12.0829 0 0
0 0 0 0 0.58954
0.0214304 -0.00026898
6
213.856 47.8975
5.295 9.953 12.0829 0 0
0 0 0 0 0.59417
0.0212725 0.00613581
6
313.666 269.85
5.295 9.953 12.0829 0 0
0 0 0 0 0.574298
0.00181383 -0.00479789
6
341.852 294.772
5.295 9.953 12.0829 0 0
0 0 0 0 0.578538
0.290753 0.126591
6
275.719 321.763
5.295 9.953 12.0829 0 0
0 0 0 0 0.575842
-0.00322896 0.0315912
6
198.43 292.897
5.295 9.953 12.0829 0 0
0 0 0 0 0.574891
0.0177738 0.0129952
6
176.679 177.777
5.295 9.953 12.0829 0 0
0 0 0 0 0.580984
-0.00221605 0.00301253
6
120.171 391.365
5.295 9.953 12.0829 0 0
0 0 0 0 0.589094
-0.0161918 0.027952
6
141.788 256.531
5.295 9.953 12.0829 0 0
0 0 0 0 0.580678
0.00609159 0.000875623
6
337.49 188.301
5.295 9.953 12.0829 0 0
0 0 0 0 0.581745
0.00122925 -0.0215782
6
121.057 202.122
5.295 9.953 12.0829 0 0
0 0 0 0 0.584817
-0.0220258 0.00591609
6
337.115 231.098
5.295 9.953 12.0829 0 0
0 0 0 0 0.577513
0.00219679 -0.00801591
6
222.704 190.716
5.295 9.953 12.0829 0 0
0 0 0 0 0.574153
-0.0310636 -0.0138117
6
304.374 142.032
5.295 9.953 12.0829 0 0
0 0 0 0 0.582594
-0.0099749 -0.00705594
6
365.608 227.068
5.295 9.953 12.0829 0 0
0 0 0 0 0.581923
0.00661465 0.0123862
6
151.312 234.059
5.295 9.953 12.0829 0 0
0 0 0 0 0.579299
-0.0408388 0.021056
6
250.562 167.465
5.295 9.953 12.0829 0 0
0 0 0 0 0.578311
0.0142541 -0.00210608
6
162.199 267.945
5.295 9.953 12.0829 0 0
0 0 0 0 0.577802
-0.0031965 0.00292183
6
211.299 375.451
5.295 9.953 12.0829 0 0
0 0 0 0 0.583161
0.00313796 0.0102496
6
222.737 348.82
5.295 9.953 12.0829 0 0
0 0 0 0 0.57894
-0.00419149 0.026058
6
180.234 192.215
5.295 9.953 12.0829 0 0
0 0 0 0 0.579186
-0.000715731 0.000661054
6
204.273 325.6
5.295 9.953 12.0829 0 0
0 0 0 0 0.577331
0.0112386 0.0148758
6
183.469 207.078
5.295 9.953 12.0829 0 0
0 0 0 0 0.577105
0.00160834 0.00612086
6
299.11 186.02
5.295 9.953 12.0829 0 0
0 0 0 0 0.577054
0.0116254 -0.0111779
6
260.745 142.056
5.295 9.953 12.0829 0 0
0 0 0 0 0.581203
-0.00105069 -0.00351104
6
164.781 149.326
5.295 9.953 12.0829 0 0
0 0 0 0 0.583041
-0.0123046 -0.0197034
6
289.134 328.268
5.295 9.953 12.0829 0 0
0 0 0 0 0.577171
0.0163641 0.0034638
6
328.916 199.942
5.295 9.953 12.0829 0 0
0 0 0 0 0.579956
0.00992601 -0.00836902
6
347.357 272.213
5.295 9.953 12.0829 0 0
0 0 0 0 0.57877
0.0718435 0.108807
6
235.479 338.887
5.295 9.953 12.0829 0 0
0 0 0 0 0.57716
0.0018979 0.0348681
6
246.981 390.767
5.295 9.953 12.0829 0 0
0 0 0 0 0.586356
0.00713057 -0.0299522
6
322.805 324.437
5.295 9.953 12.0829 0 0
0 0 0 0 0.579739
-0.00997284 0.0114942
6
384.974 248.618
5.295 9.953 12.0829 0 0
0 0 0 0 0.584081
0.0114004 0.0142627
6
263.93 333.081
5.295 9.953 12.0829 0 0
0 0 0 0 0.577016
-0.00727414 0.0308455
6
279.762 340.326
5.295 9.953 12.0829 0 0
0 0 0 0 0.577843
-0.00289831 0.00873573
6
171.027 355.894
5.295 9.953 12.0829 0 0
0 0 0 0 0.582965
0.00661358 0.00237318
6
402.233 179.736
5.295 9.953 12.0829 0 0
0 0 0 0 0.588301
0.0212079 0.0402868
6
126.287 233.554
5.295 9.953 12.0829 0 0
0 0 0 0 0.583582
-0.0282526 -0.0151665
6
136.602 154.59
5.295 9.953 12.0829 0 0
0 0 0 0 0.587027
-0.0233775 -0.014102
6
376.438 200.722
5.295 9.953 12.0829 0 0
0 0 0 0 0.584256
0.0133261 0.0135445
6
323.448 164.646
5.295 9.953 12.0829 0 0
0 0 0 0 0.581656
-0.0106042 -0.00494732
6
340.309 170.78
5.295 9.953 12.0829 0 0
0 0 0 0 0.58167
-0.00030563 -0.00809571
6
312.905 338.141
5.295 9.953 12.0829 0 0
0 0 0 0 0.579892
0.00815212 0.0367852
6
208.567 358.782
5.295 9.953 12.0829 0 0
0 0 0 0 0.581194
0.00445812 0.0152523
6
280.023 163.652
5.295 9.953 12.0829 0 0
0 0 0 0 0.578766
0.00193255 -0.00778498
6
254.759 360.781
5.295 9.953 12.0829 0 0
0 0 0 0 0.579894
-0.0235901 0.0559813
6
354.852 255.03
5.295 9.953 12.0829 0 0
0 0 0 0 0.580115
-0.0186522 0.0295589
6
314.554 113.914
5.295 9.953 12.0829 0 0
0 0 0 0 0.586327
-0.00968071 -0.0134341
6
128.611 315.946
5.295 9.953 12.0829 0 0
0 0 0 0 0.584864
0.0143892 -0.00346262
6
118.816 258.478
5.295 9.953 12.0829 0 0
0 0 0 0 0.584751
0.00376462 -0.018985
6
327.782 341.062
5.295 9.953 12.0829 0 0
0 0 0 0 0.580712
0.00982728 0.0145091
6
150.87 180.083
5.295 9.953 12.0829 0 0
0 0 0 0 0.583828
0.0206729 -0.0119639
6
201.474 133.891
5.295 9.953 12.0829 0 0
0 0 0 0 0.583477
0.00932257 -0.00675578
6
285.084 356.453
5.295 9.953 12.0829 0 0
0 0 0 0 0.580452
0.00507662 0.00999436
6
174.398 138.17
5.295 9.953 12.0829 0 0
0 0 0 0 0.583981
0.0222274 -0.0183055
6
158.014 361.969
5.295 9.953 12.0829 0 0
0 0 0 0 0.583802
-0.0213477 -0.0389106
6
381.645 232.597
5.295 9.953 12.0829 0 0
0 0 0 0 0.584181
0.00542671 0.0194497
6
333.918 215.012
5.295 9.953 12.0829 0 0
0 0 0 0 0.578552
0.00807849 -0.0065475
6
319.21 147.595
5.295 9.953 12.0829 0 0
0 0 0 0 0.583774
-0.010496 -0.00725177
6
366.653 307.806
5.295 9.953 12.0829 0 0
0 0 0 0 0.582781
0.0249795 0.0024312
6
151.919 209.482
5.295 9.953 12.0829 0 0
0 0 0 0 0.580299
-0.00892266 0.0185209
6
123.699 217.954
5.295 9.953 12.0829 0 0
0 0 0 0 0.584063
-0.0250835 -0.000810035
6
169.79 122.264
5.295 9.953 12.0829 0 0
0 0 0 0 0.586469
0.0245804 -0.0131406
6
408.377 210.967
5.295 9.953 12.0829 0 0
0 0 0 0 0.587199
0.0197249 0.0321851
6
326.17 299.642
5.295 9.953 12.0829 0 0
0 0 0 0 0.576815
-0.118988 0.0913197
6
276.565 147.573
5.295 9.953 12.0829 0 0
0 0 0 0 0.581432
-0.00132473 -0.00386522
6
378.676 216.596
5.295 9.953 12.0829 0 0
0 0 0 0 0.583432
0.0112499 0.0172816
6
356.906 139.705
5.295 9.953 12.0829 0 0
0 0 0 0 0.586452
-0.0571991 -0.0235444
6
105.862 287.063
5.295 9.953 12.0829 0 0
0 0 0 0 0.586355
0.00534337 -0.0116085
6
344.274 124.118
5.295 9.953 12.0829 0 0
0 0 0 0 0.586735
-0.00510861 0.0059617
6
395.029 298.215
5.295 9.953 12.0829 0 0
0 0 0 0 0.585884
0.012313 0.012959
6
214.308 391.459
5.295 9.953 12.0829 0 0
0 0 0 0 0.585628
0.00392817 0.00184076
6
289.142 136.734
5.295 9.953 12.0829 0 0
0 0 0 0 0.582972
-0.00667633 -0.00196731
6
141.53 284.334
5.295 9.953 12.0829 0 0
0 0 0 0 0.582554
-0.00962603 0.0162297
6
180.76 366.87
5.295 9.953 12.0829 0 0
0 0 0 0 0.583964
-0.00665639 0.015778
6
136.622 208.464
5.295 9.953 12.0829 0 0
0 0 0 0 0.58325
-0.013832 0.0250435
6
162.259 167.577
5.295 9.953 12.0829 0 0
0 0 0 0 0.582839
-0.00429408 -0.00654595
6
194.324 101.143
5.295 9.953 12.0829 0 0
0 0 0 0 0.587313
0.00381524 -0.0125597
6
350.967 185.961
5.295 9.953 12.0829 0 0
0 0 0 0 0.58351
0.0111951 0.00886443
6
394.964 221.997
5.295 9.953 12.0829 0 0
0 0 0 0 0.585573
0.0116894 0.0225818
6
116.307 274.459
5.295 9.953 12.0829 0 0
0 0 0 0 0.583619
-0.00947376 -0.0226344
6
369.301 323.308
5.295 9.953 12.0829 0 0
0 0 0 0 0.583753
0.00268126 0.0137342
6
97.6538 155.367
5.295 9.953 12.0829 0 0
0 0 0 0 0.588382
-0.00934788 -0.00771344
6
350.207 306.101
5.295 9.953 12.0829 0 0
0 0 0 0 0.579861
-0.0245331 -0.182875
6
299.173 365.587
5.295 9.953 12.0829 0 0
0 0 0 0 0.582581
-0.00451703 0.0230314
6
110.507 227.618
5.295 9.953 12.0829 0 0
0 0 0 0 0.585053
-0.0271455 -0.00541365
6
346.173 362.593
5.295 9.953 12.0829 0 0
0 0 0 0 0.585039
0.00166984 0.0250915
6
142.145 335.172
5.295 9.953 12.0829 0 0
0 0 0 0 0.583963
-0.0131973 0.0362184
6
244.682 135.959
5.295 9.953 12.0829 0 0
0 0 0 0 0.582548
0.00156428 -0.00214062
6
224.202 365.008
5.295 9.953 12.0829 0 0
0 0 0 0 0.581577
0.0263313 0.0321732
6
336.145 261.768
5.295 9.953 12.0829 0 0
0 0 0 0 0.575984
0.0845444 0.00246116
6
101.564 253.679
5.295 9.953 12.0829 0 0
0 0 0 0 0.586001
-0.0100001 -0.00966581
6
254.973 110.411
5.295 9.953 12.0829 0 0
0 0 0 0 0.586321
0.00317017 -0.0106027
6
361.794 195.508
5.295 9.953 12.0829 0 0
0 0 0 0 0.582181
0.0127347 0.0104266
6
216.6 140.702
5.295 9.953 12.0829 0 0
0 0 0 0 0.581869
0.00770291 -0.00870815
6
188.819 414.021
5.295 9.953 12.0829 0 0
0 0 0 0 0.588851
-0.00263779 -0.00751651
6
133.458 364.462
5.295 9.953 12.0829 0 0
0 0 0 0 0.586881
0.00601744 0.0226744
6
381.177 144.143
5.295 9.953 12.0829 0 0
0 0 0 0 0.587374
-0.125234 -0.0345308
6
286.421 120.516
5.295 9.953 12.0829 0 0
0 0 0 0 0.585379
-0.0104662 0.00226599
6
197.931 386.633
5.295 9.953 12.0829 0 0
0 0 0 0 0.58512
-0.00986124 0.000817813
6
257.722 126.106
5.295 9.953 12.0829 0 0
0 0 0 0 0.583827
-0.00137342 -0.0033767
6
368.428 243.528
5.295 9.953 12.0829 0 0
0 0 0 0 0.581508
-0.00220116 0.0179758
6
151.695 152.839
5.295 9.953 12.0829 0 0
0 0 0 0 0.584549
0.0281098 0.00109075
6
273.558 131.366
5.295 9.953 12.0829 0 0
0 0 0 0 0.582689
-0.0047725 0.000550963
6
348.567 155.267
5.295 9.953 12.0829 0 0
0 0 0 0 0.584945
0.00330753 -0.010308
6
343.337 140.278
5.295 9.953 12.0829 0 0
0 0 0 0 0.584991
-0.0571151 0.0166721
6
421.701 200.215
5.295 9.953 12.0829 0 0
0 0 0 0 0.588716
0.0275772 0.0382868
6
321.258 384.024
5.295 9.953 12.0829 0 0
0 0 0 0 0.585774
0.00478442 0.0155229
6
401.51 331.254
5.295 9.953 12.0829 0 0
0 0 0 0 0.588322
0.0189322 0.00967105
6
143.632 139.454
5.295 9.953 12.0829 0 0
0 0 0 0 0.586116
0.00944905 -0.00765616
6
114.253 243.553
5.295 9.953 12.0829 0 0
0 0 0 0 0.584761
-0.017879 -0.00942413
6
178.629 94.8675
5.295 9.953 12.0829 0 0
0 0 0 0 0.589069
0.00498551 -0.0192106
6
364.241 151.238
5.295 9.953 12.0829 0 0
0 0 0 0 0.58502
-0.0172945 -0.0334509
6
147.386 372.477
5.295 9.953 12.0829 0 0
0 0 0 0 0.586148
0.017885 0.0251481
6
353.061 320.58
5.295 9.953 12.0829 0 0
0 0 0 0 0.582187
0.0232351 0.110882
6
339.369 329.317
5.295 9.953 12.0829 0 0
0 0 0 0 0.580772
0.0130969 0.0164825
6
128.033 330.426
5.295 9.953 12.0829 0 0
0 0 0 0 0.585375
0.0013063 0.00200548
6
301.58 125.23
5.295 9.953 12.0829 0 0
0 0 0 0 0.584834
-0.0195496 -0.0123206
6
316.215 130.442
5.295 9.953 12.0829 0 0
0 0 0 0 0.584187
-0.0308772 -0.0175725
6
392.222 206.511
5.295 9.953 12.0829 0 0
0 0 0 0 0.586066
0.0130231 0.0223045
6
94.5135 221.289
5.295 9.953 12.0829 0 0
0 0 0 0 0.587562
-0.0234004 -0.00843357
6
115.249 337.841
5.295 9.953 12.0829 0 0
0 0 0 0 0.586969
-0.00707498 -0.00502615
6
238.745 357.982
5.295 9.953 12.0829 0 0
0 0 0 0 0.581232
-0.0322722 -0.159087
6
118.359 374.752
5.295 9.953 12.0829 0 0
0 0 0 0 0.589112
-0.010037 0.034912
6
330.19 135.485
5.295 9.953 12.0829 0 0
0 0 0 0 0.585333
-0.0429906 -0.0226792
6
73.1237 389.411
5.295 9.953 12.0829 0 0
0 0 0 0 0.592932
-0.0287056 0.0174542
6
359.448 125.335
5.295 9.953 12.0829 0 0
0 0 0 0 0.587167
-0.0122596 -0.0643513
6
135.482 179.756
5.295 9.953 12.0829 0 0
0 0 0 0 0.584904
0.0349827 0.0373011
6
229.035 130.157
5.295 9.953 12.0829 0 0
0 0 0 0 0.582818
0.00460821 -0.00695226
6
145.524 166.781
5.295 9.953 12.0829 0 0
0 0 0 0 0.584586
0.00228321 0.0343194
6
151.652 387.923
5.295 9.953 12.0829 0 0
0 0 0 0 0.587122
-0.0116478 0.0316925
6
375.549 277.592
5.295 9.953 12.0829 0 0
0 0 0 0 0.58192
0.0260417 0.0233067
6
205.614 418.548
5.295 9.953 12.0829 0 0
0 0 0 0 0.588262
0.00554889 -0.00830369
6
200.955 402.545
5.295 9.953 12.0829 0 0
0 0 0 0 0.587015
3.79459e-05 -0.00454972
6
225.962 113.498
5.295 9.953 12.0829 0 0
0 0 0 0 0.585287
0.00927279 -0.0056373
6
137.163 397.868
5.295 9.953 12.0829 0 0
0 0 0 0 0.589181
-0.0131404 0.0295087
6
414.622 319.607
5.295 9.953 12.0829 0 0
0 0 0 0 0.588665
0.0208738 0.00732857
6
167.933 393.774
5.295 9.953 12.0829 0 0
0 0 0 0 0.58758
-0.0121871 0.00251328
6
154.907 116.225
5.295 9.953 12.0829 0 0
0 0 0 0 0.587935
0.0226725 -0.00985605
6
112.652 321.583
5.295 9.953 12.0829 0 0
0 0 0 0 0.586418
0.0174801 -0.0151955
6
242.548 374.762
5.295 9.953 12.0829 0 0
0 0 0 0 0.583914
-0.00470788 -0.109981
6
120.092 185.963
5.295 9.953 12.0829 0 0
0 0 0 0 0.586377
0.00354491 -0.000808025
6
312.011 353.614
5.295 9.953 12.0829 0 0
0 0 0 0 0.580982
-0.0191427 0.0314857
6
405.165 195.395
5.295 9.953 12.0829 0 0
0 0 0 0 0.58761
0.0163656 0.0351935
6
270.695 115.289
5.295 9.953 12.0829 0 0
0 0 0 0 0.585281
-0.00481872 0.00235624
6
398.047 237.798
5.295 9.953 12.0829 0 0
0 0 0 0 0.585416
0.0127847 0.0183794
6
154.024 404.561
5.295 9.953 12.0829 0 0
0 0 0 0 0.588984
-0.00538403 0.0286307
6
84.5315 247.771
5.295 9.953 12.0829 0 0
0 0 0 0 0.588587
-0.0221796 -0.0126102
6
398.133 147.165
5.295 9.953 12.0829 0 0
0 0 0 0 0.588781
0.0123554 0.130611
6
185.783 127.48
5.295 9.953 12.0829 0 0
0 0 0 0 0.585452
0.0187109 -0.00607874
6
107.7 211.567
5.295 9.953 12.0829 0 0
0 0 0 0 0.586517
-0.0250058 -0.00444959
6
184.253 398.588
5.295 9.953 12.0829 0 0
0 0 0 0 0.586672
-0.0103529 0.00398089
6
388.444 343.062
5.295 9.953 12.0829 0 0
0 0 0 0 0.586859
0.0137865 0.0146534
6
385.381 326.673
5.295 9.953 12.0829 0 0
0 0 0 0 0.585819
0.0153858 0.0173978
6
128.579 167.699
5.295 9.953 12.0829 0 0
0 0 0 0 0.587413
-0.00254503 0.0249647
6
217.057 407.193
5.295 9.953 12.0829 0 0
0 0 0 0 0.586765
0.00757767 -0.00357324
6
141.596 124.299
5.295 9.953 12.0829 0 0
0 0 0 0 0.588333
-0.000187878 -0.0215723
6
103.359 307.585
5.295 9.953 12.0829 0 0
0 0 0 0 0.586766
-0.0208293 -0.00058737
6
327.98 102.572
5.295 9.953 12.0829 0 0
0 0 0 0 0.587823
-0.00677812 -0.0158732
6
90.547 280.631
5.295 9.953 12.0829 0 0
0 0 0 0 0.587583
-0.00953334 -0.0159335
6
166.329 105.255
5.295 9.953 12.0829 0 0
0 0 0 0 0.588463
0.00991047 -0.0226852
6
263.814 392.064
5.295 9.953 12.0829 0 0
0 0 0 0 0.585182
0.0180972 0.0302364
6
355.969 335.337
5.295 9.953 12.0829 0 0
0 0 0 0 0.583408
-0.000118598 -0.00523561
6
343.036 346.14
5.295 9.953 12.0829 0 0
0 0 0 0 0.58334
0.00237816 0.0275317
6
222.946 96.8701
5.295 9.953 12.0829 0 0
0 0 0 0 0.587705
0.00488863 0.00261122
6
128.838 142.529
5.295 9.953 12.0829 0 0
0 0 0 0 0.588353
0.0193254 0.00354096
6
398.851 163.197
5.295 9.953 12.0829 0 0
0 0 0 0 0.588283
0.0325278 0.00545298
6
361.952 367.261
5.295 9.953 12.0829 0 0
0 0 0 0 0.586441
0.00313869 0.0224577
6
140.988 107.994
5.295 9.953 12.0829 0 0
0 0 0 0 0.589076
0.0238714 -0.00328974
6
342.772 107.667
5.295 9.953 12.0829 0 0
0 0 0 0 0.588675
-0.00954708 -0.00991888
6
313.407 97.428
5.295 9.953 12.0829 0 0
0 0 0 0 0.588512
-0.00573877 -0.013332
6
135.53 414.366
5.295 9.953 12.0829 0 0
0 0 0 0 0.590808
-0.0253175 0.0300425
6
268.433 99.0719
5.295 9.953 12.0829 0 0
0 0 0 0 0.587625
0.011841 0.00107829
6
107.419 350.237
5.295 9.953 12.0829 0 0
0 0 0 0 0.588364
-0.00184369 0.017404
6
401.093 253.984
5.295 9.953 12.0829 0 0
0 0 0 0 0.586548
0.013918 0.0154432
6
276.744 379.746
5.295 9.953 12.0829 0 0
0 0 0 0 0.584121
0.0139228 0.0124398
6
231.207 396.658
5.295 9.953 12.0829 0 0
0 0 0 0 0.585272
0.0210363 0.0123452
6
374.22 118.458
5.295 9.953 12.0829 0 0
0 0 0 0 0.588572
0.0138284 -0.0303269
6
329.477 119.063
5.295 9.953 12.0829 0 0
0 0 0 0 0.586272
-0.00969987 -0.0164019
6
181.853 111.435
5.295 9.953 12.0829 0 0
0 0 0 0 0.586483
0.0116796 -0.0150304
6
241.655 119.688
5.295 9.953 12.0829 0 0
0 0 0 0 0.585072
0.00642849 -0.00121976
6
163.698 427.06
5.295 9.953 12.0829 0 0
0 0 0 0 0.590523
-0.0153689 0.0275397
6
157.924 133.548
5.295 9.953 12.0829 0 0
0 0 0 0 0.586198
0.014292 -0.0225833
6
93.0419 297.176
5.295 9.953 12.0829 0 0
0 0 0 0 0.587815
-0.00311489 -0.0280548
6
413.523 117.368
5.295 9.953 12.0829 0 0
0 0 0 0 0.591344
0.0752148 0.0491195
6
357.934 111.19
5.295 9.953 12.0829 0 0
0 0 0 0 0.588169
-0.00449719 -0.029127
6
252.408 95.3179
5.295 9.953 12.0829 0 0
0 0 0 0 0.587546
0.0209533 -0.0250034
6
389.236 191.244
5.295 9.953 12.0829 0 0
0 0 0 0 0.585876
0.00840644 0.0140507
6
170.955 410.808
5.295 9.953 12.0829 0 0
0 0 0 0 0.588081
-0.0132302 0.00854271
6
126.46 128.85
5.295 9.953 12.0829 0 0
0 0 0 0 0.589064
0.00155414 -0.0327398
6
117.045 101.543
5.295 9.953 12.0829 0 0
0 0 0 0 0.590508
-0.0517007 -0.0269909
6
268.929 407.454
5.295 9.953 12.0829 0 0
0 0 0 0 0.586487
0.00786622 0.0252679
6
163.287 88.0411
5.295 9.953 12.0829 0 0
0 0 0 0 0.589429
0.00519205 -0.0278174
6
299.436 108.608
5.295 9.953 12.0829 0 0
0 0 0 0 0.586811
-0.00554977 -0.011497
6
96.0739 320.011
5.295 9.953 12.0829 0 0
0 0 0 0 0.588288
0.0230975 0.0517682
6
316.061 369.109
5.295 9.953 12.0829 0 0
0 0 0 0 0.583157
-0.00546343 0.0247391
6
102.443 269.647
5.295 9.953 12.0829 0 0
0 0 0 0 0.586154
-0.0137659 -0.011226
6
151.415 97.8537
5.295 9.953 12.0829 0 0
0 0 0 0 0.589407
0.00871588 -0.0282157
6
210.328 107.201
5.295 9.953 12.0829 0 0
0 0 0 0 0.586677
0.0058299 -0.00756671
6
84.5391 189.695
5.295 9.953 12.0829 0 0
0 0 0 0 0.589685
-0.0260953 -0.0176981
6
127.714 113.3
5.295 9.953 12.0829 0 0
0 0 0 0 0.589014
-0.00918072 -0.0530224
6
429.606 127.632
5.295 9.953 12.0829 0 0
0 0 0 0 0.591799
0.077788 -0.00627124
6
99.5777 104.164
5.295 9.953 12.0829 0 0
0 0 0 0 0.591016
-0.0138468 -0.00611743
6
102.311 367.221
5.295 9.953 12.0829 0 0
0 0 0 0 0.589381
-0.00739056 0.0241935
6
340.358 90.9516
5.295 9.953 12.0829 0 0
0 0 0 0 0.589631
-0.00765207 -0.0214148
6
251.047 80.7545
5.295 9.953 12.0829 0 0
0 0 0 0 0.588851
-0.0106823 -0.0359268
6
411.302 226.795
5.295 9.953 12.0829 0 0
0 0 0 0 0.587982
0.0181308 0.0251457
6
149.784 420.744
5.295 9.953 12.0829 0 0
0 0 0 0 0.58987
-0.0211708 0.0283968
6
120.48 155.012
5.295 9.953 12.0829 0 0
0 0 0 0 0.588491
0.0224854 0.00779188
6
238.556 103.284
5.295 9.953 12.0829 0 0
0 0 0 0 0.586368
0.018399 0.000630951
6
259.096 376.631
5.295 9.953 12.0829 0 0
0 0 0 0 0.582528
0.00948321 0.0430977
6
182.86 442.268
5.295 9.953 12.0829 0 0
0 0 0 0 0.592264
-0.0134395 -0.0026141
6
231.722 412.87
5.295 9.953 12.0829 0 0
0 0 0 0 0.58767
0.00227034 0.00898125
6
87.8937 263.283
5.295 9.953 12.0829 0 0
0 0 0 0 0.588609
-0.0126564 -0.0198852
6
68.293 241.768
5.295 9.953 12.0829 0 0
0 0 0 0 0.589989
-0.024983 -0.0089852
6
80.0001 307.424
5.295 9.953 12.0829 0 0
0 0 0 0 0.589184
0.00541236 -0.0117949
6
333.841 373.085
5.295 9.953 12.0829 0 0
0 0 0 0 0.58525
-0.00702992 0.00782459
6
134.022 381.606
5.295 9.953 12.0829 0 0
0 0 0 0 0.58765
-0.00282591 0.0229253
6
285.294 89.7224
5.295 9.953 12.0829 0 0
0 0 0 0 0.58909
-0.0101481 0.016536
6
370.358 101.74
5.295 9.953 12.0829 0 0
0 0 0 0 0.590155
0.012581 -0.0196544
6
106.019 195.32
5.295 9.953 12.0829 0 0
0 0 0 0 0.587088
-0.0116663 -0.00941944
6
295.339 403.378
5.295 9.953 12.0829 0 0
0 0 0 0 0.586871
0.0129534 0.0160545
6
61.2239 336.675
5.295 9.953 12.0829 0 0
0 0 0 0 0.592251
-0.0168079 0.0223808
6
242.804 466.139
5.295 9.953 12.0829 0 0
0 0 0 0 0.592858
-0.0216637 0.0579296
6
299.403 92.04
5.295 9.953 12.0829 0 0
0 0 0 0 0.587971
-0.00425343 -0.0136939
6
353.085 393.758
5.295 9.953 12.0829 0 0
0 0 0 0 0.588225
0.0013594 -0.00937409
6
455.682 209.852
5.295 9.953 12.0829 0 0
0 0 0 0 0.593154
0.0321847 0.0116701
6
96.862 182.746
5.295 9.953 12.0829 0 0
0 0 0 0 0.58787
-0.0161582 -0.010956
6
427.777 231.943
5.295 9.953 12.0829 0 0
0 0 0 0 0.589094
0.0242296 0.0236191
6
371.333 134.543
5.295 9.953 12.0829 0 0
0 0 0 0 0.587892
-0.00464344 -0.0470959
6
372.298 339.085
5.295 9.953 12.0829 0 0
0 0 0 0 0.585332
0.0117983 0.0188615
6
86.2047 169.584
5.295 9.953 12.0829 0 0
0 0 0 0 0.590053
-0.023619 -0.0124387
6
309.734 79.786
5.295 9.953 12.0829 0 0
0 0 0 0 0.589376
-0.00401895 -0.0129343
6
413.744 169.257
5.295 9.953 12.0829 0 0
0 0 0 0 0.589694
0.00446589 0.0489973
6
136.434 432.146
5.295 9.953 12.0829 0 0
0 0 0 0 0.5917
-0.0213972 0.0299391
6
80.6577 152.933
5.295 9.953 12.0829 0 0
0 0 0 0 0.59073
-0.0177483 -0.0220868
6
307.488 392.437
5.295 9.953 12.0829 0 0
0 0 0 0 0.586087
0.000546755 0.00430128
6
118.954 358.944
5.295 9.953 12.0829 0 0
0 0 0 0 0.587965
-0.0111018 0.0417653
6
404.329 270.259
5.295 9.953 12.0829 0 0
0 0 0 0 0.586598
0.016336 0.012214
6
382.409 388.318
5.295 9.953 12.0829 0 0
0 0 0 0 0.589339
0.00770561 0.0194491
6
76.0595 273.188
5.295 9.953 12.0829 0 0
0 0 0 0 0.589993
-0.0059137 -0.0206044
6
417.797 184.836
5.295 9.953 12.0829 0 0
0 0 0 0 0.589016
0.0149506 0.0406451
6
186.743 48.867
5.295 9.953 12.0829 0 0
0 0 0 0 0.59327
0.0177537 -0.0234628
6
382.471 310.316
5.295 9.953 12.0829 0 0
0 0 0 0 0.585034
0.00947838 0.0178777
6
133.505 93.3671
5.295 9.953 12.0829 0 0
0 0 0 0 0.59081
-0.0142939 0.00459089
6
414.366 242.877
5.295 9.953 12.0829 0 0
0 0 0 0 0.587801
0.0170799 0.0184598
6
98.8629 335.497
5.295 9.953 12.0829 0 0
0 0 0 0 0.58902
0.00347918 0.0413397
6
71.6494 180.262
5.295 9.953 12.0829 0 0
0 0 0 0 0.590818
-0.0310592 -0.0133244
6
359.079 351.042
5.295 9.953 12.0829 0 0
0 0 0 0 0.584219
0.00815942 0.0333216
6
81.4908 231.511
5.295 9.953 12.0829 0 0
0 0 0 0 0.588675
-0.0219372 -0.0094587
6
78.583 292.018
5.295 9.953 12.0829 0 0
0 0 0 0 0.5903
-0.0159879 -0.0112018
6
293.705 382.255
5.295 9.953 12.0829 0 0
0 0 0 0 0.584548
0.00823906 0.00641443
6
391.524 281.75
5.295 9.953 12.0829 0 0
0 0 0 0 0.585616
0.0149016 0.0173289
6
338.229 74.4873
5.295 9.953 12.0829 0 0
0 0 0 0 0.591302
-0.00697841 -0.0353984
6
178.754 426.554
5.295 9.953 12.0829 0 0
0 0 0 0 0.589897
-0.0116549 -0.00948039
6
206.78 90.8708
5.295 9.953 12.0829 0 0
0 0 0 0 0.588182
0.000190474 -0.00574617
6
97.7349 237.736
5.295 9.953 12.0829 0 0
0 0 0 0 0.587411
-0.0216743 -0.00627537
6
394.957 376.455
5.295 9.953 12.0829 0 0
0 0 0 0 0.589365
0.00726579 0.00719745
6
374.98 355.25
5.295 9.953 12.0829 0 0
0 0 0 0 0.586544
0.0100538 0.0193341
6
339.656 405.413
5.295 9.953 12.0829 0 0
0 0 0 0 0.588646
-0.00226232 -0.0140675
6
281.028 395.607
5.295 9.953 12.0829 0 0
0 0 0 0 0.585312
0.0158653 0.0140276
6
67.104 354.845
5.295 9.953 12.0829 0 0
0 0 0 0 0.591809
-0.0345618 -0.0183722
6
253.837 428.09
5.295 9.953 12.0829 0 0
0 0 0 0 0.587633
0.0223181 0.00692346
6
70.7831 258.326
5.295 9.953 12.0829 0 0
0 0 0 0 0.589985
-0.0257866 -0.0123094
6
276.143 48.7028
5.295 9.953 12.0829 0 0
0 0 0 0 0.592752
0.0131536 -0.0274917
6
246.57 67.0397
5.295 9.953 12.0829 0 0
0 0 0 0 0.590056
0.00594442 -0.0533692
6
365.527 383.057
5.295 9.953 12.0829 0 0
0 0 0 0 0.588076
0.0151283 0.0154602
6
387.957 265.269
5.295 9.953 12.0829 0 0
0 0 0 0 0.584112
0.0132598 0.0174642
6
91.0165 140.213
5.295 9.953 12.0829 0 0
0 0 0 0 0.590237
-0.00273225 -0.0258175
6
421.796 351.882
5.295 9.953 12.0829 0 0
0 0 0 0 0.591047
0.011738 0.0303178
6
66.7942 320.566
5.295 9.953 12.0829 0 0
0 0 0 0 0.591877
-0.0167739 0.0104823
6
404.746 412.338
5.295 9.953 12.0829 0 0
0 0 0 0 0.591972
0.00869886 0.0352986
6
325.126 85.516
5.295 9.953 12.0829 0 0
0 0 0 0 0.58992
-0.00464931 -0.0178726
6
310.435 410.549
5.295 9.953 12.0829 0 0
0 0 0 0 0.588384
0.00738081 0.0120933
6
91.7169 204.598
5.295 9.953 12.0829 0 0
0 0 0 0 0.587994
-0.0201157 -0.0145417
6
424.289 292.006
5.295 9.953 12.0829 0 0
0 0 0 0 0.589443
0.0219562 0.00306917
6
121.459 425.316
5.295 9.953 12.0829 0 0
0 0 0 0 0.592147
-0.0247073 0.0282781
6
398.382 314.768
5.295 9.953 12.0829 0 0
0 0 0 0 0.586426
0.0190889 0.0105146
6
81.8206 321.846
5.295 9.953 12.0829 0 0
0 0 0 0 0.589757
-0.00326732 -0.0107969
6
378.891 294.025
5.295 9.953 12.0829 0 0
0 0 0 0 0.5835
0.000405368 0.0202797
6
238.034 429.113
5.295 9.953 12.0829 0 0
0 0 0 0 0.588956
0.0127777 0.0104154
6
284.224 432.193
5.295 9.953 12.0829 0 0
0 0 0 0 0.590352
0.0174746 0.022262
6
93.5763 352.839
5.295 9.953 12.0829 0 0
0 0 0 0 0.590399
-0.0189681 0.0355942
6
104.028 384.319
5.295 9.953 12.0829 0 0
0 0 0 0 0.59049
-0.0254416 0.0236397
6
146.674 81.9607
5.295 9.953 12.0829 0 0
0 0 0 0 0.591227
9.9858e-05 -0.0208234
6
378.501 371.698
5.295 9.953 12.0829 0 0
0 0 0 0 0.587921
0.00841623 0.0153064
6
119.01 84.8481
5.295 9.953 12.0829 0 0
0 0 0 0 0.592524
-0.0109223 -0.0285333
6
341.78 421.462
5.295 9.953 12.0829 0 0
0 0 0 0 0.590367
0.0183586 -0.0245061
6
444.639 237.357
5.295 9.953 12.0829 0 0
0 0 0 0 0.591628
0.0281198 0.0185652
6
73.1722 118.371
5.295 9.953 12.0829 0 0
0 0 0 0 0.592939
-0.0438658 -0.0260085
6
221.826 424.155
5.295 9.953 12.0829 0 0
0 0 0 0 0.589097
0.00616224 0.00610719
6
219.265 80.7983
5.295 9.953 12.0829 0 0
0 0 0 0 0.589029
0.00080733 0.00434599
6
56.5719 270.334
5.295 9.953 12.0829 0 0
0 0 0 0 0.592617
-0.0299436 -0.00927193
6
398.717 113.416
5.295 9.953 12.0829 0 0
0 0 0 0 0.589973
0.0522737 0.00991324
6
74.364 424.113
5.295 9.953 12.0829 0 0
0 0 0 0 0.594271
-0.0307532 0.027447
6
78.3476 215.102
5.295 9.953 12.0829 0 0
0 0 0 0 0.590251
-0.0196117 -0.00920014
6
104.178 89.6858
5.295 9.953 12.0829 0 0
0 0 0 0 0.592404
-0.039043 -0.0498901
6
90.744 123.636
5.295 9.953 12.0829 0 0
0 0 0 0 0.591217
-0.0139007 -0.0392039
6
120.76 407.852
5.295 9.953 12.0829 0 0
0 0 0 0 0.590551
-0.0257673 0.0278029
6
404.836 347.714
5.295 9.953 12.0829 0 0
0 0 0 0 0.588676
0.0160758 0.0109859
6
369.789 399.596
5.295 9.953 12.0829 0 0
0 0 0 0 0.589367
0.00107639 0.00920876
6
323.671 400.298
5.295 9.953 12.0829 0 0
0 0 0 0 0.587873
-0.00229924 0.00736178
6
424.741 215.987
5.295 9.953 12.0829 0 0
0 0 0 0 0.589339
0.0270691 0.0302395
6
248.658 35.3228
5.295 9.953 12.0829 0 0
0 0 0 0 0.594078
0.0173292 -0.0670395
6
287.215 469.469
5.295 9.953 12.0829 0 0
0 0 0 0 0.594349
0.016944 0.016493
6
89.4166 395.299
5.295 9.953 12.0829 0 0
0 0 0 0 0.591818
-0.0283374 0.0192897
6
191.031 84.4927
5.295 9.953 12.0829 0 0
0 0 0 0 0.589568
0.00151259 -0.015229
6
356.074 410.364
5.295 9.953 12.0829 0 0
0 0 0 0 0.590038
-0.000150507 -0.0116724
6
64.9955 225.314
5.295 9.953 12.0829 0 0
0 0 0 0 0.59136
-0.022437 -0.00599452
6
293.044 74.7285
5.295 9.953 12.0829 0 0
0 0 0 0 0.590476
-0.00852662 0.00493382
6
441.654 221.634
5.295 9.953 12.0829 0 0
0 0 0 0 0.590551
0.0295289 0.0200884
6
66.7872 284.04
5.295 9.953 12.0829 0 0
0 0 0 0 0.591441
-0.00945688 -0.0295437
6
235.964 86.5995
5.295 9.953 12.0829 0 0
0 0 0 0 0.588831
0.00578063 0.0185784
6
185.387 27.6193
5.295 9.953 12.0829 0 0
0 0 0 0 0.597094
-0.0146235 -0.00313178
6
415.495 81.6875
5.295 9.953 12.0829 0 0
0 0 0 0 0.593759
0.0201511 -0.031597
6
343.72 466.367
5.295 9.953 12.0829 0 0
0 0 0 0 0.595021
0.0344332 0.0597456
6
279.995 64.186
5.295 9.953 12.0829 0 0
0 0 0 0 0.591476
0.00170774 -0.0088564
6
322.544 68.6265
5.295 9.953 12.0829 0 0
0 0 0 0 0.592153
-0.00571312 -0.0184951
6
390.824 359.497
5.295 9.953 12.0829 0 0
0 0 0 0 0.588289
0.0193304 0.0146639
6
292.264 54.6471
5.295 9.953 12.0829 0 0
0 0 0 0 0.592957
0.000404762 -0.0221652
6
417.998 335.86
5.295 9.953 12.0829 0 0
0 0 0 0 0.589339
0.0207168 0.0140494
6
138.131 450.425
5.295 9.953 12.0829 0 0
0 0 0 0 0.59323
-0.018579 0.0318377
6
412.031 152.671
5.295 9.953 12.0829 0 0
0 0 0 0 0.590535
-0.140065 -0.00590336
6
73.355 199.45
5.295 9.953 12.0829 0 0
0 0 0 0 0.59066
-0.0231962 -0.00826867
6
329.521 435.721
5.295 9.953 12.0829 0 0
0 0 0 0 0.591144
0.0431346 0.00617627
6
170.505 461.071
5.295 9.953 12.0829 0 0
0 0 0 0 0.593643
2.36911e-05 0.0251831
6
203.393 74.2266
5.295 9.953 12.0829 0 0
0 0 0 0 0.590541
0.00299788 -0.00866863
6
45.6983 332.692
5.295 9.953 12.0829 0 0
0 0 0 0 0.593397
-0.0413852 0.00802502
6
269.287 424.726
5.295 9.953 12.0829 0 0
0 0 0 0 0.58894
0.0228575 0.0192534
6
457.639 364.03
5.295 9.953 12.0829 0 0
0 0 0 0 0.594403
0.0150718 0.00336409
6
76.1944 134.886
5.295 9.953 12.0829 0 0
0 0 0 0 0.591585
-0.0260327 -0.022004
6
56.1718 384.084
5.295 9.953 12.0829 0 0
0 0 0 0 0.593767
-0.0353612 0.0305875
6
219.473 10.1912
5.295 9.953 12.0829 0 0
0 0 0 0 0.598341
-0.0190692 -0.000890562
6
422.933 415.928
5.295 9.953 12.0829 0 0
0 0 0 0 0.593764
-0.000375791 0.0175072
6
51.6656 317.266
5.295 9.953 12.0829 0 0
0 0 0 0 0.59311
-0.0279794 -0.00266976
6
64.3615 146.468
5.295 9.953 12.0829 0 0
0 0 0 0 0.593067
-0.0335382 -0.0157221
6
271.32 31.46
5.295 9.953 12.0829 0 0
0 0 0 0 0.595433
0.00131116 -0.0413468
6
58.5485 191.253
5.295 9.953 12.0829 0 0
0 0 0 0 0.593026
-0.0300183 -0.00456541
6
461.622 242.195
5.295 9.953 12.0829 0 0
0 0 0 0 0.592897
0.0310334 0.0130232
6
234.836 40.8489
5.295 9.953 12.0829 0 0
0 0 0 0 0.595582
0.01086 -0.0104821
6
406.33 364.255
5.295 9.953 12.0829 0 0
0 0 0 0 0.589712
0.0383369 0.012857
6
423.309 141.734
5.295 9.953 12.0829 0 0
0 0 0 0 0.591048
0.0189496 -0.0682405
6
226.645 441.068
5.295 9.953 12.0829 0 0
0 0 0 0 0.591583
-0.00160516 0.00852487
6
40.2667 306.635
5.295 9.953 12.0829 0 0
0 0 0 0 0.59411
-0.0408704 -0.0121345
6
385.401 107.113
5.295 9.953 12.0829 0 0
0 0 0 0 0.590697
0.032772 -0.0116534
6
441.076 297.555
5.295 9.953 12.0829 0 0
0 0 0 0 0.590542
0.0256459 0.00363355
6
397.898 88.6552
5.295 9.953 12.0829 0 0
0 0 0 0 0.592679
0.0359965 0.0247117
6
458.583 225.894
5.295 9.953 12.0829 0 0
0 0 0 0 0.592977
0.0322405 0.0135152
6
246.214 52.226
5.295 9.953 12.0829 0 0
0 0 0 0 0.592764
0.0302167 -0.0499935
6
228.031 477.063
5.295 9.953 12.0829 0 0
0 0 0 0 0.595644
-0.00138346 0.0328296
6
363.282 441.224
5.295 9.953 12.0829 0 0
0 0 0 0 0.593298
-0.0267397 0.0238991
6
314.71 446.613
5.295 9.953 12.0829 0 0
0 0 0 0 0.592114
0.0343901 0.0104827
6
85.9509 90.1562
5.295 9.953 12.0829 0 0
0 0 0 0 0.593569
-0.0395889 -0.0175856
6
22.3977 197.136
5.295 9.953 12.0829 0 0
0 0 0 0 0.597078
-0.0386986 0.00047035
6
256.988 457.412
5.295 9.953 12.0829 0 0
0 0 0 0 0.5928
-0.0179596 0.050235
6
143.368 64.0201
5.295 9.953 12.0829 0 0
0 0 0 0 0.593134
-0.0139852 -0.0524091
6
285.995 450.808
5.295 9.953 12.0829 0 0
0 0 0 0 0.591657
0.0143567 0.0241576
6
25.0713 179.644
5.295 9.953 12.0829 0 0
0 0 0 0 0.595776
-0.0727303 -0.000416704
6
414.147 400.086
5.295 9.953 12.0829 0 0
0 0 0 0 0.592053
0.00122226 0.013979
6
353.665 78.9736
5.295 9.953 12.0829 0 0
0 0 0 0 0.590957
-0.00681493 -0.0166362
6
91.0167 430.379
5.295 9.953 12.0829 0 0
0 0 0 0 0.593638
-0.0293564 0.0277462
6
486.989 201.532
5.295 9.953 12.0829 0 0
0 0 0 0 0.597242
0.0353493 -0.0156486
6
382.871 91.5324
5.295 9.953 12.0829 0 0
0 0 0 0 0.591437
0.00902791 -0.019154
6
388.506 404.85
5.295 9.953 12.0829 0 0
0 0 0 0 0.590748
0.00779593 0.0301815
6
255.855 442.225
5.295 9.953 12.0829 0 0
0 0 0 0 0.590221
-0.00645141 0.0327093
6
154.065 456.626
5.295 9.953 12.0829 0 0
0 0 0 0 0.594035
-0.0101216 0.0315209
6
378.906 431.045
5.295 9.953 12.0829 0 0
0 0 0 0 0.59315
-0.0386252 0.00252078
6
451.031 269.909
5.295 9.953 12.0829 0 0
0 0 0 0 0.591631
0.0268768 0.0107098
6
173.194 61.2259
5.295 9.953 12.0829 0 0
0 0 0 0 0.592307
0.00528751 -0.0192077
6
82.3409 362.739
5.295 9.953 12.0829 0 0
0 0 0 0 0.590833
-0.0543842 0.00773977
6
283.083 414.51
5.295 9.953 12.0829 0 0
0 0 0 0 0.587883
0.0163163 0.0145978
6
47.4568 139.75
5.295 9.953 12.0829 0 0
0 0 0 0 0.594079
-0.0427742 -0.0082864
6
411.248 303.174
5.295 9.953 12.0829 0 0
0 0 0 0 0.588345
0.0185946 0.00591042
6
55.1217 174.236
5.295 9.953 12.0829 0 0
0 0 0 0 0.59342
-0.0364263 -0.00288794
6
33.51 344.1
5.295 9.953 12.0829 0 0
0 0 0 0 0.59482
-0.055152 0.0201822
6
80.6048 70.5444
5.295 9.953 12.0829 0 0
0 0 0 0 0.594745
-0.0751148 -0.0638782
6
435.212 340.997
5.295 9.953 12.0829 0 0
0 0 0 0 0.591679
0.0109507 -0.00269954
6
362.78 424.929
5.295 9.953 12.0829 0 0
0 0 0 0 0.591447
-0.0381938 0.0102711
6
6.56487 266.948
5.295 9.953 12.0829 0 0
0 0 0 0 0.59839
-0.0501836 -0.00346405
6
436.069 191.781
5.295 9.953 12.0829 0 0
0 0 0 0 0.591218
0.0224699 0.0113674
6
463.857 123.78
5.295 9.953 12.0829 0 0
0 0 0 0 0.594633
0.0926401 -0.0404206
6
55.2279 252.372
5.295 9.953 12.0829 0 0
0 0 0 0 0.592606
-0.0313109 -0.00755337
6
431.403 324.902
5.295 9.953 12.0829 0 0
0 0 0 0 0.590092
0.0197196 -0.00254307
6
305.833 63.6278
5.295 9.953 12.0829 0 0
0 0 0 0 0.591866
0.00240664 -0.019485
6
420.84 275.506
5.295 9.953 12.0829 0 0
0 0 0 0 0.587915
0.0199259 0.00711022
6
231.448 70.7301
5.295 9.953 12.0829 0 0
0 0 0 0 0.591472
0.0173635 0.025366
6
352.473 62.7398
5.295 9.953 12.0829 0 0
0 0 0 0 0.592922
-0.0159343 -0.00590727
6
316.246 487.782
5.295 9.953 12.0829 0 0
0 0 0 0 0.597234
0.00986213 0.0467869
6
151.33 438.834
5.295 9.953 12.0829 0 0
0 0 0 0 0.591937
-0.0182158 0.0311895
6
458.239 303.256
5.295 9.953 12.0829 0 0
0 0 0 0 0.593187
0.0294829 0.00484267
6
438.818 206.404
5.295 9.953 12.0829 0 0
0 0 0 0 0.590704
0.0293327 0.01702
6
417.53 259.124
5.295 9.953 12.0829 0 0
0 0 0 0 0.587795
0.0175361 0.0122687
6
437.532 280.949
5.295 9.953 12.0829 0 0
0 0 0 0 0.590513
0.0242619 0.00621788
6
330.963 42.997
5.295 9.953 12.0829 0 0
0 0 0 0 0.594774
0.0582091 -0.1156
6
105.249 401.348
5.295 9.953 12.0829 0 0
0 0 0 0 0.591108
-0.0263648 0.0237961
6
38.2421 167.873
5.295 9.953 12.0829 0 0
0 0 0 0 0.594827
-0.045587 0.00819562
6
175.659 77.9171
5.295 9.953 12.0829 0 0
0 0 0 0 0.591206
0.00329193 -0.0236752
6
431.602 178.037
5.295 9.953 12.0829 0 0
0 0 0 0 0.590691
0.0066813 0.00353161
6
313.115 428.906
5.295 9.953 12.0829 0 0
0 0 0 0 0.58969
0.0227451 0.0164337
6
33.9156 228.589
5.295 9.953 12.0829 0 0
0 0 0 0 0.595487
-0.0293864 -0.00545561
6
5.91064 249.195
5.295 9.953 12.0829 0 0
0 0 0 0 0.598353
-0.034342 -0.00630445
6
439.49 356.716
5.295 9.953 12.0829 0 0
0 0 0 0 0.592067
0.00856812 -0.00519535
6
444.819 314.191
5.295 9.953 12.0829 0 0
0 0 0 0 0.592133
0.0255404 0.00240925
6
87.7776 378.354
5.295 9.953 12.0829 0 0
0 0 0 0 0.59078
-0.0294223 0.00972195
6
137.388 27.2097
5.295 9.953 12.0829 0 0
0 0 0 0 0.596498
0.00220107 -0.0248502
6
407.799 286.678
5.295 9.953 12.0829 0 0
0 0 0 0 0.586843
0.0193872 0.00963497
6
436.729 372.038
5.295 9.953 12.0829 0 0
0 0 0 0 0.592256
0.0905354 0.0234357
6
96.2002 76.1565
5.295 9.953 12.0829 0 0
0 0 0 0 0.593069
-0.081882 -0.0432799
6
63.8183 303.426
5.295 9.953 12.0829 0 0
0 0 0 0 0.591633
-0.00236129 0.00475214
6
284.668 20.1756
5.295 9.953 12.0829 0 0
0 0 0 0 0.596883
0.00622554 -0.0326395
6
194.045 481.746
5.295 9.953 12.0829 0 0
0 0 0 0 0.594431
0.00402496 0.00678536
6
60.8715 209.01
5.295 9.953 12.0829 0 0
0 0 0 0 0.59171
-0.0214272 -0.00198011
6
368.321 84.8099
5.295 9.953 12.0829 0 0
0 0 0 0 0.59141
-0.00168892 -0.0215134
6
447.758 253.482
5.295 9.953 12.0829 0 0
0 0 0 0 0.591589
0.0265199 0.0146969
6
90.371 412.625
5.295 9.953 12.0829 0 0
0 0 0 0 0.592401
-0.0274904 0.0248882
6
110.017 50.321
5.295 9.953 12.0829 0 0
0 0 0 0 0.595052
-0.0072564 -0.0258852
6
262.576 61.9399
5.295 9.953 12.0829 0 0
0 0 0 0 0.591379
0.0198865 -0.0158054
6
273.35 481.031
5.295 9.953 12.0829 0 0
0 0 0 0 0.595624
0.0209454 0.0352691
6
158.213 474.656
5.295 9.953 12.0829 0 0
0 0 0 0 0.595099
0.000808064 0.0281299
6
443.801 116.133
5.295 9.953 12.0829 0 0
0 0 0 0 0.593135
0.107063 -0.0657291
6
297.837 421.679
5.295 9.953 12.0829 0 0
0 0 0 0 0.589379
0.0161802 0.0203364
6
200.076 37.5267
5.295 9.953 12.0829 0 0
0 0 0 0 0.594417
0.0193688 -0.021926
6
325.846 417.598
5.295 9.953 12.0829 0 0
0 0 0 0 0.588948
0.00914976 0.00564949
6
475.674 230.561
5.295 9.953 12.0829 0 0
0 0 0 0 0.595627
0.034116 0.00584506
6
382.685 39.1528
5.295 9.953 12.0829 0 0
0 0 0 0 0.595539
0.0227176 -0.0270698
6
50.3494 349.85
5.295 9.953 12.0829 0 0
0 0 0 0 0.593688
-0.0504827 0.0121181
6
448.796 131.181
5.295 9.953 12.0829 0 0
0 0 0 0 0.592324
0.0709577 -0.0170487
6
269.577 11.9574
5.295 9.953 12.0829 0 0
0 0 0 0 0.598417
0.0301114 -0.095868
6
106.114 418.655
5.295 9.953 12.0829 0 0
0 0 0 0 0.592437
-0.0264842 0.0251219
6
486.012 281.214
5.295 9.953 12.0829 0 0
0 0 0 0 0.597173
0.039478 0.0070288
6
51.6113 235.706
5.295 9.953 12.0829 0 0
0 0 0 0 0.592664
-0.0280546 -0.005497
6
393.063 423.055
5.295 9.953 12.0829 0 0
0 0 0 0 0.592032
-0.00979572 0.0312529
6
12.6729 321.312
5.295 9.953 12.0829 0 0
0 0 0 0 0.597098
-0.0653825 0.00657424
6
131.545 75.5832
5.295 9.953 12.0829 0 0
0 0 0 0 0.592521
0.0159115 -0.00577034
6
316.695 33.9576
5.295 9.953 12.0829 0 0
0 0 0 0 0.59576
-0.0144389 -0.0182903
6
159.551 71.56
5.295 9.953 12.0829 0 0
0 0 0 0 0.591509
-0.00674387 -0.0295579
6
69.7758 372.871
5.295 9.953 12.0829 0 0
0 0 0 0 0.592167
-0.0461632 0.0140149
6
213.999 451.292
5.295 9.953 12.0829 0 0
0 0 0 0 0.593066
-0.0252808 -0.0070797
6
272.468 462.015
5.295 9.953 12.0829 0 0
0 0 0 0 0.592903
0.00190059 0.0259768
6
171.584 44.8508
5.295 9.953 12.0829 0 0
0 0 0 0 0.594642
0.0186762 -0.0163111
6
57.374 401.56
5.295 9.953 12.0829 0 0
0 0 0 0 0.594153
-0.0323786 0.037636
6
38.0567 275.382
5.295 9.953 12.0829 0 0
0 0 0 0 0.594108
-0.0324517 0.0150125
6
60.1027 128.784
5.295 9.953 12.0829 0 0
0 0 0 0 0.593368
-0.0421501 -0.0180977
6
84.7527 107.608
5.295 9.953 12.0829 0 0
0 0 0 0 0.592375
-0.0359127 -0.0321787
6
381.902 75.3393
5.295 9.953 12.0829 0 0
0 0 0 0 0.593031
-0.00523016 -0.0196346
6
70.2869 99.472
5.295 9.953 12.0829 0 0
0 0 0 0 0.593777
-0.0498894 -0.0232402
6
421.588 368.074
5.295 9.953 12.0829 0 0
0 0 0 0 0.591431
0.0553855 0.0511594
6
202.983 19.6895
5.295 9.953 12.0829 0 0
0 0 0 0 0.597007
-0.0123639 -0.036012
6
211.097 434.572
5.295 9.953 12.0829 0 0
0 0 0 0 0.590535
-0.00662348 -0.00590629
6
397.333 440.644
5.295 9.953 12.0829 0 0
0 0 0 0 0.593561
0.0122258 0.0241216
6
41.7677 185.156
5.295 9.953 12.0829 0 0
0 0 0 0 0.59452
-0.0503537 0.00408794
6
5.97502 230.572
5.295 9.953 12.0829 0 0
0 0 0 0 0.598442
-0.0567124 -0.00743338
6
36.2689 361.243
5.295 9.953 12.0829 0 0
0 0 0 0 0.594964
-0.0434079 0.0304157
6
427.95 111.602
5.295 9.953 12.0829 0 0
0 0 0 0 0.591509
0.0745456 -0.0612521
6
430.917 248.1
5.295 9.953 12.0829 0 0
0 0 0 0 0.589052
0.0222811 0.0166139
6
124.138 61.0022
5.295 9.953 12.0829 0 0
0 0 0 0 0.593746
-0.0227135 0.0169303
6
157.638 54.8335
5.295 9.953 12.0829 0 0
0 0 0 0 0.593912
0.00829097 -0.0311832
6
176.775 477.425
5.295 9.953 12.0829 0 0
0 0 0 0 0.594642
-0.0146089 0.0398607
6
475.871 309.177
5.295 9.953 12.0829 0 0
0 0 0 0 0.595811
0.0299135 0.00851688
6
358.721 457.665
5.295 9.953 12.0829 0 0
0 0 0 0 0.594068
0.0350244 0.046358
6
258.107 474.18
5.295 9.953 12.0829 0 0
0 0 0 0 0.59424
0.00115431 0.0521643
6
121.572 36.6742
5.295 9.953 12.0829 0 0
0 0 0 0 0.595634
-0.0443712 -0.0797693
6
43.778 121.521
5.295 9.953 12.0829 0 0
0 0 0 0 0.595584
-0.0518374 -0.0122735
6
344.205 32.9008
5.295 9.953 12.0829 0 0
0 0 0 0 0.597155
0.134181 -0.113605
6
30.1437 291.459
5.295 9.953 12.0829 0 0
0 0 0 0 0.595487
-0.00425588 -0.00065591
6
215.769 64.3292
5.295 9.953 12.0829 0 0
0 0 0 0 0.591621
0.0158187 0.0034536
6
107.356 454.29
5.295 9.953 12.0829 0 0
0 0 0 0 0.595029
-0.0244944 0.023792
6
482.052 264.316
5.295 9.953 12.0829 0 0
0 0 0 0 0.595668
0.0274616 0.00928931
6
257.936 492.546
5.295 9.953 12.0829 0 0
0 0 0 0 0.596988
0.0731706 0.0542881
6
412.136 381.775
5.295 9.953 12.0829 0 0
0 0 0 0 0.591505
-0.00642627 0.0156886
6
478.866 247.403
5.295 9.953 12.0829 0 0
0 0 0 0 0.595634
0.0320213 0.00869796
6
472.362 353.868
5.295 9.953 12.0829 0 0
0 0 0 0 0.595228
0.0340983 0.00895686
6
384.625 57.612
5.295 9.953 12.0829 0 0
0 0 0 0 0.594762
0.0198576 -0.0223786
6
490.266 298.598
5.295 9.953 12.0829 0 0
0 0 0 0 0.5971
0.0314641 0.0102254
6
364.884 32.5734
5.295 9.953 12.0829 0 0
0 0 0 0 0.596406
-0.0113215 -0.0242741
6
433.638 83.3561
5.295 9.953 12.0829 0 0
0 0 0 0 0.593781
0.0386929 -0.0973522
6
271.466 443.278
5.295 9.953 12.0829 0 0
0 0 0 0 0.591493
0.0074508 0.0194188
6
21.9866 274.931
5.295 9.953 12.0829 0 0
0 0 0 0 0.595459
-0.0480517 0.00809792
6
14.9517 214.95
5.295 9.953 12.0829 0 0
0 0 0 0 0.596885
-0.0534729 -0.0181347
6
312.051 12.2046
5.295 9.953 12.0829 0 0
0 0 0 0 0.598448
0.0145165 -0.0576157
6
39.1472 378.777
5.295 9.953 12.0829 0 0
0 0 0 0 0.595485
-0.0349633 0.0348538
6
210.208 490.023
5.295 9.953 12.0829 0 0
0 0 0 0 0.597163
0.0156161 0.000932069
6
140.711 468.821
5.295 9.953 12.0829 0 0
0 0 0 0 0.595317
-0.00880628 0.0320625
6
34.1095 150.637
5.295 9.953 12.0829 0 0
0 0 0 0 0.595021
-0.0399723 0.000708429
6
20.5189 162.195
5.295 9.953 12.0829 0 0
0 0 0 0 0.597266
-0.0433203 -0.00593865
6
407.169 100.607
5.295 9.953 12.0829 0 0
0 0 0 0 0.592523
0.0999852 0.0163211
6
472.67 213.74
5.295 9.953 12.0829 0 0
0 0 0 0 0.594344
0.035108 -7.97515e-05
6
314.815 468.083
5.295 9.953 12.0829 0 0
0 0 0 0 0.594554
0.0134828 0.0421857
6
146.569 42.9494
5.295 9.953 12.0829 0 0
0 0 0 0 0.596136
-0.0252059 -0.00327283
6
399.324 392.723
5.295 9.953 12.0829 0 0
0 0 0 0 0.590643
-0.00382287 0.0153839
6
94.9545 59.0603
5.295 9.953 12.0829 0 0
0 0 0 0 0.594544
-0.0433229 -0.0546548
6
301.034 458.095
5.295 9.953 12.0829 0 0
0 0 0 0 0.593099
0.0275761 0.0147754
6
17.3363 338.469
5.295 9.953 12.0829 0 0
0 0 0 0 0.597168
-0.061475 0.011653
6
200.692 56.7908
5.295 9.953 12.0829 0 0
0 0 0 0 0.593004
0.0120265 -0.0093938
6
241.151 448.343
5.295 9.953 12.0829 0 0
0 0 0 0 0.591504
-0.00986625 0.0435734
6
434.157 264.446
5.295 9.953 12.0829 0 0
0 0 0 0 0.590334
0.0225105 0.0106133
6
351.988 46.6122
5.295 9.953 12.0829 0 0
0 0 0 0 0.594959
-6.9524e-05 -0.00468718
6
301.415 478.387
5.295 9.953 12.0829 0 0
0 0 0 0 0.59569
0.00741028 0.0428895
6
469.76 196.857
5.295 9.953 12.0829 0 0
0 0 0 0 0.594653
0.0357228 -0.00962596
6
8.52913 285.343
5.295 9.953 12.0829 0 0
0 0 0 0 0.598335
-0.0674246 0.00460386
6
301.172 25.879
5.295 9.953 12.0829 0 0
0 0 0 0 0.595642
0.0101252 -0.0428654
6
37.5695 244.986
5.295 9.953 12.0829 0 0
0 0 0 0 0.594048
-0.0344555 -0.00232564
6
256.585 22.4119
5.295 9.953 12.0829 0 0
0 0 0 0 0.595491
0.0214996 -0.0826917
6
466.757 336.843
5.295 9.953 12.0829 0 0
0 0 0 0 0.594824
0.035865 0.00428321
6
123.954 461.804
5.295 9.953 12.0829 0 0
0 0 0 0 0.594831
-0.0189568 0.0284721
6
237.682 20.9564
5.295 9.953 12.0829 0 0
0 0 0 0 0.596865
-0.0127292 -0.028321
6
199.804 444.466
5.295 9.953 12.0829 0 0
0 0 0 0 0.591913
-0.0245907 -0.0200747
6
8.89021 302.77
5.295 9.953 12.0829 0 0
0 0 0 0 0.598432
-0.101112 0.0213507
6
74.3887 406.44
5.295 9.953 12.0829 0 0
0 0 0 0 0.59381
-0.0273693 0.0233057
6
133.245 49.1023
5.295 9.953 12.0829 0 0
0 0 0 0 0.594149
-0.0753695 -0.0508025
6
327.753 457.579
5.295 9.953 12.0829 0 0
0 0 0 0 0.593506
0.0212785 0.042349
6
454.511 286.535
5.295 9.953 12.0829 0 0
0 0 0 0 0.593072
0.0284475 0.00733531
6
295.471 6.49067
5.295 9.953 12.0829 0 0
0 0 0 0 0.598503
-0.0152999 -0.0586205
6
480.871 326.266
5.295 9.953 12.0829 0 0
0 0 0 0 0.596026
0.042158 0.00648784
6
465.288 179.903
5.295 9.953 12.0829 0 0
0 0 0 0 0.594749
0.0231814 -0.0189159
6
422.541 96.7339
5.295 9.953 12.0829 0 0
0 0 0 0 0.592542
0.0917407 -0.0677731
6
229.072 55.0303
5.295 9.953 12.0829 0 0
0 0 0 0 0.5928
0.0335245 0.0151251
6
31.8889 211.777
5.295 9.953 12.0829 0 0
0 0 0 0 0.595557
-0.0384835 -0.00452465
6
469.712 162.633
5.295 9.953 12.0829 0 0
0 0 0 0 0.593873
0.00504975 -0.0435201
6
464.782 258.719
5.295 9.953 12.0829 0 0
0 0 0 0 0.59426
0.0284673 0.0114872
6
243.154 483.786
5.295 9.953 12.0829 0 0
0 0 0 0 0.59559
0.0163102 0.0783333
6
451.322 396.463
5.295 9.953 12.0829 0 0
0 0 0 0 0.59433
0.045567 0.0574459
6
468.182 275.453
5.295 9.953 12.0829 0 0
0 0 0 0 0.594335
0.0305097 0.0101741
6
496.641 253.784
5.295 9.953 12.0829 0 0
0 0 0 0 0.598549
0.0325199 0.0157878
6
317.884 52.5616
5.295 9.953 12.0829 0 0
0 0 0 0 0.593251
0.0423952 -0.0362678
6
172.709 14.7108
5.295 9.953 12.0829 0 0
0 0 0 0 0.597328
-0.0181939 -0.0218642
6
482.951 183.884
5.295 9.953 12.0829 0 0
0 0 0 0 0.59602
0.0277827 -0.0297955
6
376.014 414.924
5.295 9.953 12.0829 0 0
0 0 0 0 0.590972
-0.0177403 0.00955839
6
67.9262 82.427
5.295 9.953 12.0829 0 0
0 0 0 0 0.594774
-0.0491714 -0.0260272
6
471.95 292.25
5.295 9.953 12.0829 0 0
0 0 0 0 0.594353
0.0344467 0.00694637
6
107.138 436.28
5.295 9.953 12.0829 0 0
0 0 0 0 0.593373
-0.0259332 0.0242879
6
260.955 45.242
5.295 9.953 12.0829 0 0
0 0 0 0 0.594131
0.0150787 -0.0340412
6
411.084 429.247
5.295 9.953 12.0829 0 0
0 0 0 0 0.593214
0.0105456 0.030969
6
51.5414 157.128
5.295 9.953 12.0829 0 0
0 0 0 0 0.593849
-0.0386206 -0.00391797
6
53.4447 366.794
5.295 9.953 12.0829 0 0
0 0 0 0 0.594137
-0.0372295 0.0158655
6
188.28 67.2392
5.295 9.953 12.0829 0 0
0 0 0 0 0.592103
0.00544705 -0.0187831
6
68.4682 163.773
5.295 9.953 12.0829 0 0
0 0 0 0 0.591422
-0.0286424 -0.0157581
6
57.3379 110.657
5.295 9.953 12.0829 0 0
0 0 0 0 0.594169
-0.0589365 -0.0275943
6
461.231 143.632
5.295 9.953 12.0829 0 0
0 0 0 0 0.594322
0.0391081 0.0259418
6
368.083 67.3621
5.295 9.953 12.0829 0 0
0 0 0 0 0.592275
-0.000404319 -0.0296225
6
30.1985 132.947
5.295 9.953 12.0829 0 0
0 0 0 0 0.596425
-0.0471842 -0.00166885
6
288.008 37.2331
5.295 9.953 12.0829 0 0
0 0 0 0 0.594152
0.00803097 -0.0352594
6
166.898 444.141
5.295 9.953 12.0829 0 0
0 0 0 0 0.592648
-0.0134931 0.0280933
6
490.001 218.89
5.295 9.953 12.0829 0 0
0 0 0 0 0.597085
0.0343616 -0.00156182
6
299.239 439.62
5.295 9.953 12.0829 0 0
0 0 0 0 0.590505
0.0208989 0.0208709
6
288.259 490.065
5.295 9.953 12.0829 0 0
0 0 0 0 0.59702
0.0124555 0.0582034
6
439.731 143.416
5.295 9.953 12.0829 0 0
0 0 0 0 0.593045
0.0120235 -0.0193316
6
41.3043 260.464
5.295 9.953 12.0829 0 0
0 0 0 0 0.593928
-0.0323057 0.00504013
6
462.311 320.052
5.295 9.953 12.0829 0 0
0 0 0 0 0.593376
0.0277383 0.00561245
6
448.84 330.779
5.295 9.953 12.0829 0 0
0 0 0 0 0.592581
0.0236248 0.00342355
6
330.119 476.727
5.295 9.953 12.0829 0 0
0 0 0 0 0.59601
0.0135644 0.0413831
6
409.236 133.265
5.295 9.953 12.0829 0 0
0 0 0 0 0.590135
-0.006946 0.0439545
6
341.85 449.135
5.295 9.953 12.0829 0 0
0 0 0 0 0.592743
0.033162 0.0537189
6
453.347 347.314
5.295 9.953 12.0829 0 0
0 0 0 0 0.592778
0.0259862 0.00125575
6
24.5376 308.652
5.295 9.953 12.0829 0 0
0 0 0 0 0.59561
-0.0653469 -0.0129189
6
48.0084 219.17
5.295 9.953 12.0829 0 0
0 0 0 0 0.592738
-0.0281786 -0.00331919
6
303.732 43.6286
5.295 9.953 12.0829 0 0
0 0 0 0 0.594359
0.00265029 -0.0166626
6
235.065 0.831778
5.295 9.953 12.0829 0 0
0 0 0 0 0.599908
-0.026883 -0.0218512
6
30.8733 324.954
5.295 9.953 12.0829 0 0
0 0 0 0 0.595718
-0.0628318 0.00717075
6
336.48 58.1585
5.295 9.953 12.0829 0 0
0 0 0 0 0.593513
-0.0221649 -0.0558427
6
493.206 236.178
5.295 9.953 12.0829 0 0
0 0 0 0 0.597055
0.0337308 0.00891588
6
348.811 434.993
5.295 9.953 12.0829 0 0
0 0 0 0 0.592036
-0.0439493 0.0105635
6
122.588 443.456
5.295 9.953 12.0829 0 0
0 0 0 0 0.59303
-0.0230641 0.0276049
6
448.05 178.938
5.295 9.953 12.0829 0 0
0 0 0 0 0.592569
0.0157419 0.0048468
6
228.155 495.021
5.295 9.953 12.0829 0 0
0 0 0 0 0.597137
0.00467955 0.0364408
6
438.845 408.538
5.295 9.953 12.0829 0 0
0 0 0 0 0.593943
-6.09075e-05 0.0173245
6
23.5659 257.383
5.295 9.953 12.0829 0 0
0 0 0 0 0.596915
-0.0344134 -0.00401835
6
452.939 194.05
5.295 9.953 12.0829 0 0
0 0 0 0 0.592172
0.0301695 0.00696116
6
251.782 6.37827
5.295 9.953 12.0829 0 0
0 0 0 0 0.598366
0.00429868 -0.0817135
6
368.542 50.3054
5.295 9.953 12.0829 0 0
0 0 0 0 0.594202
0.0280042 -0.0329024
6
194.459 429.82
5.295 9.953 12.0829 0 0
0 0 0 0 0.59087
-0.00982072 -0.0192158
6
451.062 379.682
5.295 9.953 12.0829 0 0
0 0 0 0 0.593644
0.0906657 0.0474183
6
20.9374 239.902
5.295 9.953 12.0829 0 0
0 0 0 0 0.596872
-0.0398616 -0.015446
6
227.735 459.604
5.295 9.953 12.0829 0 0
0 0 0 0 0.592917
-0.0278852 0.0199168
6
110.993 69.5653
5.295 9.953 12.0829 0 0
0 0 0 0 0.593363
-0.0632937 -0.0167151
6
45.1359 201.724
5.295 9.953 12.0829 0 0
0 0 0 0 0.594381
-0.0232793 0.00360512
6
440.282 99.5614
5.295 9.953 12.0829 0 0
0 0 0 0 0.593949
0.0861763 -0.0848117
