500 500
738 0
0 4
6
320.582 226.358
5.295 9.953 12.0829 0 0
0 0 0 0 0.57654
0.00595252 -0.00232068
6
362.332 209.537
5.295 9.953 12.0829 0 0
0 0 0 0 0.582682
0.00606626 -0.00226416
6
270.42 364.613
5.295 9.953 12.0829 0 0
0 0 0 0 0.581523
-0.0132214 0.00333462
6
288.85 214.781
5.295 9.953 12.0829 0 0
0 0 0 0 0.571587
0.00950913 -0.00501579
6
199.736 260.275
5.295 9.953 12.0829 0 0
0 0 0 0 0.57009
-0.105254 0.115214
6
297.052 345.247
5.295 9.953 12.0829 0 0
0 0 0 0 0.579679
-0.00182426 0.0130342
6
272.37 287.411
5.295 9.953 12.0829 0 0
0 0 0 0 0.567975
0.0121301 -0.000348376
6
273.108 208.796
5.295 9.953 12.0829 0 0
0 0 0 0 0.572431
0.0101092 -0.00829054
6
263.639 158.633
5.295 9.953 12.0829 0 0
0 0 0 0 0.579873
0.00351285 -0.00240935
6
213.612 215.86
5.295 9.953 12.0829 0 0
0 0 0 0 0.571739
0.00706997 -0.0068658
6
199.819 307.546
5.295 9.953 12.0829 0 0
0 0 0 0 0.574759
-0.0164777 -0.00204429
6
247.021 309.435
5.295 9.953 12.0829 0 0
0 0 0 0 0.571187
0.014516 0.0138449
6
195.255 195.829
5.295 9.953 12.0829 0 0
0 0 0 0 0.576975
-0.00177471 -0.00572067
6
187.191 147.427
5.295 9.953 12.0829 0 0
0 0 0 0 0.583376
-0.00258509 -0.00654822
6
372.281 181.545
5.295 9.953 12.0829 0 0
0 0 0 0 0.584823
0.00829548 -0.00316713
6
292.363 153.407
5.295 9.953 12.0829 0 0
0 0 0 0 0.580928
0.00369946 -0.00121657
6
191.969 353.215
5.295 9.953 12.0829 0 0
0 0 0 0 0.581802
-0.00594912 0.00359784
6
218.607 303.921
5.295 9.953 12.0829 0 0
0 0 0 0 0.57193
0.0673314 0.051447
6
337.081 153.713
5.295 9.953 12.0829 0 0
0 0 0 0 0.58341
0.00687746 -0.00157613
6
279.369 242.646
5.295 9.953 12.0829 0 0
0 0 0 0 0.56324
0.0111862 -0.00483318
6
357.677 97.1991
5.295 9.953 12.0829 0 0
0 0 0 0 0.590062
0.017681 -0.00996181
6
359.825 270.136
5.295 9.953 12.0829 0 0
0 0 0 0 0.580404
0.0202331 0.00762309
6
231.993 147.143
5.295 9.953 12.0829 0 0
0 0 0 0 0.581348
0.00308758 -0.00207857
6
186.197 256.206
5.295 9.953 12.0829 0 0
0 0 0 0 0.572136
0.00958387 -0.0055353
6
254.739 265.07
5.295 9.953 12.0829 0 0
0 0 0 0.37898 0.558398
-0.0179134 -0.0221831
6
260.658 219.54
5.295 9.953 12.0829 0 0
0 0 0 0 0.566019
0.0173706 -0.0132245
6
241.81 276.28
5.295 9.953 12.0829 0 0
0 0 0 0.508091 0.56331
0.0146583 -0.00397496
6
226.332 286.751
5.295 9.953 12.0829 0 0
0 0 0 0 0.568376
0.00425895 -0.0293525
6
372.194 259.906
5.295 9.953 12.0829 0 0
0 0 0 0 0.582789
0.0101846 -0.00590649
6
183.109 302.497
5.295 9.953 12.0829 0 0
0 0 0 0 0.577262
-0.00947058 -0.00843084
6
308.247 159.148
5.295 9.953 12.0829 0 0
0 0 0 0 0.581477
0.00452877 -0.000940266
1
236.911 241.114
5.295 9.953 12.0829 0 0
0.2 2.65 0 2.51187 0.559071
0.0474979 -0.0616835
6
323.78 243.137
5.295 9.953 12.0829 0 0
0 0 0 0 0.575615
0.00622965 -0.00337602
6
138.408 301.111
5.295 9.953 12.0829 0 0
0 0 0 0 0.583373
-0.0146478 0.00521618
6
282.438 259.495
5.295 9.953 12.0829 0 0
0 0 0 0 0.565624
0.0120293 -0.00208103
6
200.598 227.843
5.295 9.953 12.0829 0 0
0 0 0 0 0.570746
0.00180887 0.0218892
6
170.078 234.111
5.295 9.953 12.0829 0 0
0 0 0 0 0.576458
-0.0301646 -0.0146606
6
291.96 231.634
5.295 9.953 12.0829 0 0
0 0 0 0 0.570408
0.0105228 -0.00403135
6
221.861 174.532
5.295 9.953 12.0829 0 0
0 0 0 0 0.577334
0.00251151 -0.00323798
6
228.107 269.27
5.295 9.953 12.0829 0 0
0 0 0 0.07852 0.563968
-0.0528755 0.00631517
6
192.619 179.631
5.295 9.953 12.0829 0 0
0 0 0 0 0.579286
-0.0015785 -0.00613688
6
306.388 316.812
5.295 9.953 12.0829 0 0
0 0 0 0 0.57681
-0.00374275 0.0225685
6
339.826 249.054
5.295 9.953 12.0829 0 0
0 0 0 0 0.577255
0.00694431 -0.000874828
6
184.86 239.569
5.295 9.953 12.0829 0 0
0 0 0 0 0.574326
0.0626218 0.00196164
6
167.038 296.734
5.295 9.953 12.0829 0 0
0 0 0 0 0.579088
-0.00874043 -0.00810661
6
301.124 281.848
5.295 9.953 12.0829 0 0
0 0 0 0 0.573373
0.0150384 0.00413236
6
154.929 228.816
5.295 9.953 12.0829 0 0
0 0 0 0 0.579863
-0.00364558 -0.00260109
6
298.152 265.185
5.295 9.953 12.0829 0 0
0 0 0 0 0.569253
0.0111574 -0.00142782
6
295.41 170.172
5.295 9.953 12.0829 0 0
0 0 0 0 0.578457
0.00469187 -0.00219318
6
175.654 268.562
5.295 9.953 12.0829 0 0
0 0 0 0 0.576181
-0.0256535 -0.0149521
6
175.518 347.66
5.295 9.953 12.0829 0 0
0 0 0 0 0.582069
-0.00904675 0.00464037
6
184.439 223.306
5.295 9.953 12.0829 0 0
0 0 0 0 0.575387
-0.0041957 -0.0132022
6
285.35 276.272
5.295 9.953 12.0829 0 0
0 0 0 0 0.567864
0.0116175 -0.00161786
2
251.856 247.585
5.295 9.953 12.0829 0 0
0.2 0 0 1.84217 0.557165
-0.00225292 0.00827322
6
275.492 304.222
5.295 9.953 12.0829 0 0
0 0 0 0 0.572404
0.0110036 0.00627973
6
227.963 207.553
5.295 9.953 12.0829 0 0
0 0 0 0 0.572369
0.00378929 -0.00268198
6
227.929 381.225
5.295 9.953 12.0829 0 0
0 0 0 0 0.584142
-0.00843837 0.00470914
6
295.092 248.444
5.295 9.953 12.0829 0 0
0 0 0 0 0.569438
0.0119523 -0.00331878
6
245.365 212.71
5.295 9.953 12.0829 0 0
0 0 0 0 0.568761
0.00598938 -0.00515845
6
327.205 181.646
5.295 9.953 12.0829 0 0
0 0 0 0 0.579766
0.00508123 -0.0011646
6
266.677 175.311
5.295 9.953 12.0829 0 0
0 0 0 0 0.576976
0.00449276 -0.00401217
6
218.992 158.021
5.295 9.953 12.0829 0 0
0 0 0 0 0.580639
0.00193141 -0.00274212
6
301.561 203.797
5.295 9.953 12.0829 0 0
0 0 0 0 0.575561
0.00663349 -0.00286323
6
211.339 200.643
5.295 9.953 12.0829 0 0
0 0 0 0 0.573381
0.00110677 -0.00415394
6
189.911 163.434
5.295 9.953 12.0829 0 0
0 0 0 0 0.581241
-0.00111435 -0.00214991
6
199.437 243.34
5.295 9.953 12.0829 0 0
0 0 0 0 0.569941
-0.0514136 -0.112545
6
212.714 251.891
5.295 9.953 12.0829 0 0
0 0 0 0.000324 0.568368
0.292107 -0.0385127
6
234.176 222.938
5.295 9.953 12.0829 0 0
0 0 0 0.014677 0.566499
0.00627257 0.00167962
6
269.972 191.903
5.295 9.953 12.0829 0 0
0 0 0 0 0.573624
0.0061689 -0.00567813
6
139.735 223.044
5.295 9.953 12.0829 0 0
0 0 0 0 0.581178
-0.0169211 -0.00372617
6
250.17 342.344
5.295 9.953 12.0829 0 0
0 0 0 0 0.578368
-0.0195717 -0.00147582
6
156.758 324.233
5.295 9.953 12.0829 0 0
0 0 0 0 0.582191
-0.0146998 0.00469343
6
231.123 317.28
5.295 9.953 12.0829 0 0
0 0 0 0 0.575421
-0.0323734 -0.0403138
6
148.133 273.427
5.295 9.953 12.0829 0 0
0 0 0 0 0.580949
-0.0224347 0.0023396
6
165.061 375.667
5.295 9.953 12.0829 0 0
0 0 0 0 0.585663
-0.0108584 0.0113171
6
141.091 318.052
5.295 9.953 12.0829 0 0
0 0 0 0 0.582658
-0.0139198 0.00648257
6
269.971 270.65
5.295 9.953 12.0829 0 0
0 0 0 0 0.563558
0.0344574 -0.000667183
6
151.256 290.534
5.295 9.953 12.0829 0 0
0 0 0 0 0.580382
-0.016901 0.00361406
6
302.331 298.358
5.295 9.953 12.0829 0 0
0 0 0 0 0.574456
0.000580424 -6.94358e-05
6
314.352 192.746
5.295 9.953 12.0829 0 0
0 0 0 0 0.577782
0.00541287 -0.00173307
6
248.624 230.376
5.295 9.953 12.0829 0 0
0 0 0 0.412907 0.561921
0.0130544 -0.0141314
6
290.914 310.44
5.295 9.953 12.0829 0 0
0 0 0 0 0.574442
0.00608564 0.00701121
6
259.628 298.406
5.295 9.953 12.0829 0 0
0 0 0 0 0.568733
0.0134952 0.00231055
6
208.695 293.645
5.295 9.953 12.0829 0 0
0 0 0 0 0.570262
-0.0151044 -0.052284
6
327.089 259.789
5.295 9.953 12.0829 0 0
0 0 0 0 0.57551
0.0053045 -0.00609347
6
208.617 184.851
5.295 9.953 12.0829 0 0
0 0 0 0 0.577244
0.0013924 -0.00512556
6
276.256 225.695
5.295 9.953 12.0829 0 0
0 0 0 0 0.568138
0.0100963 -0.00512091
6
134.71 189.583
5.295 9.953 12.0829 0 0
0 0 0 0 0.584248
-0.00480437 0.00089331
6
307.811 237.422
5.295 9.953 12.0829 0 0
0 0 0 0 0.572473
0.00767928 -0.00234951
6
237.822 180.329
5.295 9.953 12.0829 0 0
0 0 0 0 0.575348
0.00327016 -0.00393056
6
257.214 281.665
5.295 9.953 12.0829 0 0
0 0 0 0 0.565898
0.00805492 0.00189854
6
234.86 163.765
5.295 9.953 12.0829 0 0
0 0 0 0 0.578461
0.00315225 -0.00286636
6
311.283 175.944
5.295 9.953 12.0829 0 0
0 0 0 0 0.579855
0.00504663 -0.00155413
1
240.728 258.885
5.295 9.953 12.0829 0 0
0.2 2.65 0 2.21099 0.558089
0.121728 0.00830944
6
197.613 211.879
5.295 9.953 12.0829 0 0
0 0 0 0 0.574718
-0.00549858 -0.0203535
6
154.175 307.4
5.295 9.953 12.0829 0 0
0 0 0 0 0.580958
-0.0168311 0.00293423
6
328.745 356.816
5.295 9.953 12.0829 0 0
0 0 0 0 0.5828
-0.00505539 0.0151454
6
191.273 273.833
5.295 9.953 12.0829 0 0
0 0 0 0 0.573001
0.0449253 -0.0503826
6
130.491 345.729
5.295 9.953 12.0829 0 0
0 0 0 0 0.585568
-0.0126559 0.00976781
6
250.862 325.161
5.295 9.953 12.0829 0 0
0 0 0 0 0.575258
0.00113838 0.00686241
6
186.933 335.774
5.295 9.953 12.0829 0 0
0 0 0 0 0.580224
-0.00674212 0.00268088
6
244.379 291.892
5.295 9.953 12.0829 0 0
0 0 0 0 0.568787
0.0454492 -0.0278593
6
263.171 314.892
5.295 9.953 12.0829 0 0
0 0 0 0 0.573667
0.00332133 0.0105126
6
178.797 285.435
5.295 9.953 12.0829 0 0
0 0 0 0 0.575515
-0.0324726 -0.00298509
6
285.737 197.94
5.295 9.953 12.0829 0 0
0 0 0 0 0.574962
0.00798931 -0.00532902
6
317.317 287.69
5.295 9.953 12.0829 0 0
0 0 0 0 0.574992
0.0227324 0.019545
6
317.448 209.554
5.295 9.953 12.0829 0 0
0 0 0 0 0.576802
0.00567 -0.00184757
6
168.641 217.79
5.295 9.953 12.0829 0 0
0 0 0 0 0.578984
-0.00923973 -0.00134514
6
169.969 313.373
5.295 9.953 12.0829 0 0
0 0 0 0 0.579248
-0.0166777 -0.00457221
6
163.603 184.666
5.295 9.953 12.0829 0 0
0 0 0 0 0.581096
-0.00401899 -0.00270976
6
163.529 279.663
5.295 9.953 12.0829 0 0
0 0 0 0 0.578093
-0.0063496 -0.00214054
6
304.669 220.619
5.295 9.953 12.0829 0 0
0 0 0 0 0.573371
0.00716359 -0.00265246
6
247.797 152.877
5.295 9.953 12.0829 0 0
0 0 0 0 0.579741
0.00346598 -0.00202268
6
226.141 252.835
5.295 9.953 12.0829 0 0
0 0 0 0.195463 0.562926
-0.143082 -0.0797017
6
150.473 195.468
5.295 9.953 12.0829 0 0
0 0 0 0 0.581462
-0.00557903 -0.00163456
6
171.929 251.022
5.295 9.953 12.0829 0 0
0 0 0 0 0.576036
-0.0434658 -0.0102412
6
287.598 292.914
5.295 9.953 12.0829 0 0
0 0 0 0 0.571651
0.00686996 0.00206244
6
172.14 330.114
5.295 9.953 12.0829 0 0
0 0 0 0 0.581099
-0.0117888 0.00465301
6
282.639 181.111
5.295 9.953 12.0829 0 0
0 0 0 0 0.576424
0.00559306 -0.00396285
6
352.529 237.483
5.295 9.953 12.0829 0 0
0 0 0 0 0.580352
0.00587762 -0.00144052
6
199.111 119.001
5.295 9.953 12.0829 0 0
0 0 0 0 0.586111
0.0193738 0.00279714
6
122.64 294.76
5.295 9.953 12.0829 0 0
0 0 0 0 0.584162
-0.0144286 0.00505752
6
257.493 202.465
5.295 9.953 12.0829 0 0
0 0 0 0 0.571246
0.00660809 -0.00662662
6
203.123 152.32
5.295 9.953 12.0829 0 0
0 0 0 0 0.58109
0.00100462 -0.00143333
6
385.429 170.245
5.295 9.953 12.0829 0 0
0 0 0 0 0.586325
0.0109238 -0.0048876
6
218.481 333.038
5.295 9.953 12.0829 0 0
0 0 0 0 0.578069
-0.00658655 0.0288578
6
214.814 318.014
5.295 9.953 12.0829 0 0
0 0 0 0 0.575118
-0.0241814 -0.0135438
6
349.38 220.77
5.295 9.953 12.0829 0 0
0 0 0 0 0.579319
0.00517314 -0.00172935
6
263.942 236.6
5.295 9.953 12.0829 0 0
0 0 0 0 0.56367
0.0233924 -0.0100171
6
205.856 168.693
5.295 9.953 12.0829 0 0
0 0 0 0 0.579899
0.000672867 -0.00375686
6
310.99 254.185
5.295 9.953 12.0829 0 0
0 0 0 0 0.573643
0.0077124 -0.000933265
6
141.662 240.241
5.295 9.953 12.0829 0 0
0 0 0 0 0.580921
-0.0274821 -0.00526186
6
240.93 196.809
5.295 9.953 12.0829 0 0
0 0 0 0 0.573287
0.00454167 -0.00485369
2
266.952 253.736
5.295 9.953 12.0829 0 0
0.2 0 0 0 0.557965
0.0199424 -0.00716557
6
146.477 352.157
5.295 9.953 12.0829 0 0
0 0 0 0 0.585428
-0.0121454 0.00962374
6
253.831 186.114
5.295 9.953 12.0829 0 0
0 0 0 0 0.575131
0.00459255 -0.0050064
6
132.695 266.89
5.295 9.953 12.0829 0 0
0 0 0 0 0.582123
-0.0161661 0.00722843
6
330.385 305.727
5.295 9.953 12.0829 0 0
0 0 0 0 0.579297
0.0157762 -0.0623773
6
283.38 103.041
5.295 9.953 12.0829 0 0
0 0 0 0 0.586682
0.00238534 -0.00243633
6
180.826 382.174
5.295 9.953 12.0829 0 0
0 0 0 0 0.585477
-0.0146447 0.0186718
6
346.273 204.021
5.295 9.953 12.0829 0 0
0 0 0 0 0.580345
0.00507391 -0.00164003
6
166.185 201.239
5.295 9.953 12.0829 0 0
0 0 0 0 0.579608
-0.00765122 -0.00520573
6
233.032 301.775
5.295 9.953 12.0829 0 0
0 0 0 0 0.572497
0.00170268 -0.00948025
6
193.384 371.519
5.295 9.953 12.0829 0 0
0 0 0 0 0.582918
-0.0179227 0.0208767
6
213.926 124.858
5.295 9.953 12.0829 0 0
0 0 0 0 0.584312
0.0075228 -0.00147545
6
267.433 348.519
5.295 9.953 12.0829 0 0
0 0 0 0 0.578614
-0.0112054 0.00508499
6
185.651 318.861
5.295 9.953 12.0829 0 0
0 0 0 0 0.578143
-0.0244098 -0.00912357
6
201.78 339.031
5.295 9.953 12.0829 0 0
0 0 0 0 0.579993
0.00809602 0.00499853
6
337.674 389.345
5.295 9.953 12.0829 0 0
0 0 0 0 0.586298
0.0100941 0.00746968
6
427.812 308.666
5.295 9.953 12.0829 0 0
0 0 0 0 0.58954
0.0207233 0.00472362
6
213.723 43.6413
5.295 9.953 12.0829 0 0
0 0 0 0 0.59417
0.00172436 -0.0266653
6
314.062 270.886
5.295 9.953 12.0829 0 0
0 0 0 0 0.574298
0.00454236 0.0039517
6
334.992 290.804
5.295 9.953 12.0829 0 0
0 0 0 0 0.578538
0.0653018 -0.0419655
6
278.397 321.562
5.295 9.953 12.0829 0 0
0 0 0 0 0.575842
0.00664863 0.010278
6
194.094 290.26
5.295 9.953 12.0829 0 0
0 0 0 0 0.574891
0.0429163 -0.000635842
6
176.695 173.91
5.295 9.953 12.0829 0 0
0 0 0 0 0.580984
-0.00231574 -0.00367465
6
120.889 390.303
5.295 9.953 12.0829 0 0
0 0 0 0 0.589094
-0.0132649 0.0152682
6
144.62 256.343
5.295 9.953 12.0829 0 0
0 0 0 0 0.580678
-0.0304301 -0.000925554
6
343.184 187.262
5.295 9.953 12.0829 0 0
0 0 0 0 0.581745
0.00538326 -0.00156017
6
121.513 200.333
5.295 9.953 12.0829 0 0
0 0 0 0 0.584817
-0.00731177 0.00200386
6
336.55 232.09
5.295 9.953 12.0829 0 0
0 0 0 0 0.577513
0.00559176 -0.0015345
6
224.844 191.015
5.295 9.953 12.0829 0 0
0 0 0 0 0.574153
0.00277774 -0.00337292
6
305.238 142.372
5.295 9.953 12.0829 0 0
0 0 0 0 0.582594
0.00383867 -0.00018824
6
365.455 226.276
5.295 9.953 12.0829 0 0
0 0 0 0 0.581923
0.00633336 -0.00272988
6
157.244 245.437
5.295 9.953 12.0829 0 0
0 0 0 0 0.579299
-0.0219323 -0.00997265
6
250.75 169.532
5.295 9.953 12.0829 0 0
0 0 0 0 0.578311
0.00357527 -0.00350768
6
160.345 262.541
5.295 9.953 12.0829 0 0
0 0 0 0 0.577802
-0.0193846 -0.00893074
6
210.662 377.751
5.295 9.953 12.0829 0 0
0 0 0 0 0.583161
-0.00647126 0.0185947
6
211.606 349.317
5.295 9.953 12.0829 0 0
0 0 0 0 0.57894
-0.00163499 0.0279349
6
179.389 190.411
5.295 9.953 12.0829 0 0
0 0 0 0 0.579186
-0.00397886 -0.00531948
6
200.694 323.99
5.295 9.953 12.0829 0 0
0 0 0 0 0.577331
-0.0475414 -0.00134528
6
181.889 206.865
5.295 9.953 12.0829 0 0
0 0 0 0 0.577105
-0.00222434 -0.00526764
6
298.473 186.979
5.295 9.953 12.0829 0 0
0 0 0 0 0.577054
0.00591588 -0.00297964
6
260.692 141.907
5.295 9.953 12.0829 0 0
0 0 0 0 0.581203
0.00359346 -0.0013003
6
173.856 157.315
5.295 9.953 12.0829 0 0
0 0 0 0 0.583041
-0.0024595 -0.00431422
6
293.978 327.849
5.295 9.953 12.0829 0 0
0 0 0 0 0.577171
-0.0001546 0.0163477
6
330.285 198.437
5.295 9.953 12.0829 0 0
0 0 0 0 0.579956
0.00495491 -0.00127147
6
343.493 266.408
5.295 9.953 12.0829 0 0
0 0 0 0 0.57877
0.0100662 0.00275663
6
236.847 331.178
5.295 9.953 12.0829 0 0
0 0 0 0 0.57716
-0.0271511 -0.00858697
6
248.344 401.889
5.295 9.953 12.0829 0 0
0 0 0 0 0.586356
0.00295004 0.00718134
6
323.071 321.732
5.295 9.953 12.0829 0 0
0 0 0 0 0.579739
0.0182833 -0.0127458
6
384.784 248.196
5.295 9.953 12.0829 0 0
0 0 0 0 0.584081
0.0111456 -0.00300469
6
265.363 332.281
5.295 9.953 12.0829 0 0
0 0 0 0 0.577016
0.000892204 0.00652701
6
281.229 338.773
5.295 9.953 12.0829 0 0
0 0 0 0 0.577843
-0.0027031 0.0140316
6
159.694 341.41
5.295 9.953 12.0829 0 0
0 0 0 0 0.582965
-0.0122753 0.00717313
6
401.777 175.55
5.295 9.953 12.0829 0 0
0 0 0 0 0.588301
0.0131716 -0.00558695
6
126.96 234.088
5.295 9.953 12.0829 0 0
0 0 0 0 0.583582
-0.0177249 -0.00583384
6
129.684 156.063
5.295 9.953 12.0829 0 0
0 0 0 0 0.587027
0.00135001 0.00169172
6
375.368 198.243
5.295 9.953 12.0829 0 0
0 0 0 0 0.584256
0.00788931 -0.00269625
6
324.156 164.864
5.295 9.953 12.0829 0 0
0 0 0 0 0.581656
0.00531158 -0.000901538
6
340.115 170.495
5.295 9.953 12.0829 0 0
0 0 0 0 0.58167
0.00599762 -0.0016159
6
309.898 333.659
5.295 9.953 12.0829 0 0
0 0 0 0 0.579892
0.00552 0.00957284
6
206.009 362.719
5.295 9.953 12.0829 0 0
0 0 0 0 0.581194
-0.0251143 0.0278818
6
279.514 164.4
5.295 9.953 12.0829 0 0
0 0 0 0 0.578766
0.00407209 -0.00252741
6
253.64 358.468
5.295 9.953 12.0829 0 0
0 0 0 0 0.579894
-0.0150932 -0.000497684
6
355.781 254.076
5.295 9.953 12.0829 0 0
0 0 0 0 0.580115
0.00782935 0.00197232
6
315.363 114.889
5.295 9.953 12.0829 0 0
0 0 0 0 0.586327
0.00559418 0.00262992
6
125.291 311.742
5.295 9.953 12.0829 0 0
0 0 0 0 0.584864
-0.0138389 0.00646516
6
117.825 260.423
5.295 9.953 12.0829 0 0
0 0 0 0 0.584751
-0.0133045 0.00104853
6
325.285 339.851
5.295 9.953 12.0829 0 0
0 0 0 0 0.580712
-0.00545445 0.0163196
6
147.858 178.804
5.295 9.953 12.0829 0 0
0 0 0 0 0.583828
-0.00244799 -0.00109178
6
200.438 135.77
5.295 9.953 12.0829 0 0
0 0 0 0 0.583477
-0.000268586 -0.00117654
6
284.251 356.011
5.295 9.953 12.0829 0 0
0 0 0 0 0.580452
-0.0062271 0.0127492
6
170.766 140.514
5.295 9.953 12.0829 0 0
0 0 0 0 0.583981
-0.00195871 -0.00884249
6
162.389 358.521
5.295 9.953 12.0829 0 0
0 0 0 0 0.583802
-0.0109339 0.00856387
6
381.584 231.583
5.295 9.953 12.0829 0 0
0 0 0 0 0.584181
0.00887139 -0.00277173
6
333.393 215.243
5.295 9.953 12.0829 0 0
0 0 0 0 0.578552
0.00501803 -0.00143608
6
321.154 148.098
5.295 9.953 12.0829 0 0
0 0 0 0 0.583774
0.00555241 -5.98788e-05
6
366.876 299.335
5.295 9.953 12.0829 0 0
0 0 0 0 0.582781
0.0212738 -0.00354768
6
153.007 212.13
5.295 9.953 12.0829 0 0
0 0 0 0 0.580299
-0.00934162 -0.00552458
6
124.203 217.067
5.295 9.953 12.0829 0 0
0 0 0 0 0.584063
-0.0111852 -0.000819094
6
168.332 122.759
5.295 9.953 12.0829 0 0
0 0 0 0 0.586469
0.00143731 -0.019866
6
407.96 208.889
5.295 9.953 12.0829 0 0
0 0 0 0 0.587199
0.0132181 -0.00357979
6
316.118 304.314
5.295 9.953 12.0829 0 0
0 0 0 0 0.576815
0.00353346 0.0333787
6
276.507 147.657
5.295 9.953 12.0829 0 0
0 0 0 0 0.581432
0.00324387 -0.00137478
6
378.462 214.925
5.295 9.953 12.0829 0 0
0 0 0 0 0.583432
0.00803617 -0.00268457
6
366.135 148.09
5.295 9.953 12.0829 0 0
0 0 0 0 0.586452
0.0107688 -0.00522325
6
106.815 288.462
5.295 9.953 12.0829 0 0
0 0 0 0 0.586355
-0.0113025 0.00249762
6
347.14 125.68
5.295 9.953 12.0829 0 0
0 0 0 0 0.586735
0.0114241 -0.00391442
6
393.634 297.056
5.295 9.953 12.0829 0 0
0 0 0 0 0.585884
-0.00223431 -0.00363132
6
214.693 393.18
5.295 9.953 12.0829 0 0
0 0 0 0 0.585628
-0.00288956 0.0198981
6
289.367 136.635
5.295 9.953 12.0829 0 0
0 0 0 0 0.582972
0.00291035 -0.000509557
6
135.596 284.095
5.295 9.953 12.0829 0 0
0 0 0 0 0.582554
-0.0154585 0.00598414
6
178.374 364.517
5.295 9.953 12.0829 0 0
0 0 0 0 0.583964
-0.00995334 0.00765236
6
137.333 206.271
5.295 9.953 12.0829 0 0
0 0 0 0 0.58325
-0.00897286 -0.000464859
6
160.892 168.021
5.295 9.953 12.0829 0 0
0 0 0 0 0.582839
-0.00195423 -0.00342491
6
193.687 101.205
5.295 9.953 12.0829 0 0
0 0 0 0 0.587313
-0.00585742 -0.00463592
6
356.152 176.066
5.295 9.953 12.0829 0 0
0 0 0 0 0.58351
0.00688603 -0.00243901
6
394.706 220.234
5.295 9.953 12.0829 0 0
0 0 0 0 0.585573
0.0107094 -0.00302626
6
119.959 277.715
5.295 9.953 12.0829 0 0
0 0 0 0 0.583619
-0.0154243 0.0041358
6
376.46 324.695
5.295 9.953 12.0829 0 0
0 0 0 0 0.583753
0.00588025 0.0152359
6
101.042 161.641
5.295 9.953 12.0829 0 0
0 0 0 0 0.588382
-0.00682799 0.0117901
6
349.338 299.578
5.295 9.953 12.0829 0 0
0 0 0 0 0.579861
0.0123983 0.0659525
6
298.879 364.869
5.295 9.953 12.0829 0 0
0 0 0 0 0.582581
-0.0100365 0.0192546
6
111.194 227.666
5.295 9.953 12.0829 0 0
0 0 0 0 0.585053
-0.0139061 0.00136186
6
345.916 362.737
5.295 9.953 12.0829 0 0
0 0 0 0 0.585039
0.00354377 0.0234685
6
143.845 335.099
5.295 9.953 12.0829 0 0
0 0 0 0 0.583963
-0.0128966 0.00756389
6
244.941 136.165
5.295 9.953 12.0829 0 0
0 0 0 0 0.582548
0.00409015 -0.00166399
6
222.498 365.823
5.295 9.953 12.0829 0 0
0 0 0 0 0.581577
-0.017842 -0.00339647
6
330.126 275.984
5.295 9.953 12.0829 0 0
0 0 0 0 0.575984
-0.0064814 -0.0126612
6
101.332 254.843
5.295 9.953 12.0829 0 0
0 0 0 0 0.586001
-0.011193 1.51483e-05
6
254.737 108.317
5.295 9.953 12.0829 0 0
0 0 0 0 0.586321
0.000769365 -0.00317511
6
359.236 192.804
5.295 9.953 12.0829 0 0
0 0 0 0 0.582181
0.00625473 -0.0021513
6
216.216 141.464
5.295 9.953 12.0829 0 0
0 0 0 0 0.581869
0.00283954 0.000229212
6
188.247 416.187
5.295 9.953 12.0829 0 0
0 0 0 0 0.588851
-0.00586777 0.0209751
6
132.931 362.761
5.295 9.953 12.0829 0 0
0 0 0 0 0.586881
-0.0124879 0.011568
6
382.353 153.542
5.295 9.953 12.0829 0 0
0 0 0 0 0.587374
0.0120989 -0.00644556
6
286.385 119.854
5.295 9.953 12.0829 0 0
0 0 0 0 0.585379
0.00238741 -0.00138609
6
197.421 387.963
5.295 9.953 12.0829 0 0
0 0 0 0 0.58512
-0.00859783 0.0199584
6
257.737 125.123
5.295 9.953 12.0829 0 0
0 0 0 0 0.583827
0.00258424 -0.00168747
6
368.661 243.043
5.295 9.953 12.0829 0 0
0 0 0 0 0.581508
0.00726254 -0.00355084
6
158.057 151.238
5.295 9.953 12.0829 0 0
0 0 0 0 0.584549
-0.00227852 -0.00638154
6
273.531 130.884
5.295 9.953 12.0829 0 0
0 0 0 0 0.582689
0.00257306 -0.000931596
6
353.086 159.314
5.295 9.953 12.0829 0 0
0 0 0 0 0.584945
0.00797997 -0.00292537
6
350.063 142.527
5.295 9.953 12.0829 0 0
0 0 0 0 0.584991
0.00953936 -0.00355331
6
421.35 197.479
5.295 9.953 12.0829 0 0
0 0 0 0 0.588716
0.0161325 -0.00468091
6
320.949 383.83
5.295 9.953 12.0829 0 0
0 0 0 0 0.585774
0.00362018 0.014662
6
404.271 332.495
5.295 9.953 12.0829 0 0
0 0 0 0 0.588322
0.0224734 0.0149784
6
142.5 145.059
5.295 9.953 12.0829 0 0
0 0 0 0 0.586116
0.00314978 -0.00615425
6
114.637 244.437
5.295 9.953 12.0829 0 0
0 0 0 0 0.584761
-0.0110642 0.00248772
6
176.381 105.938
5.295 9.953 12.0829 0 0
0 0 0 0 0.589069
-0.00945961 0.00950826
6
369.2 164.832
5.295 9.953 12.0829 0 0
0 0 0 0 0.58502
0.00921826 -0.0040205
6
149.006 369.296
5.295 9.953 12.0829 0 0
0 0 0 0 0.586148
-0.011557 0.0113363
6
341.312 314.797
5.295 9.953 12.0829 0 0
0 0 0 0 0.582187
-0.0185434 0.0512169
6
338.409 329.892
5.295 9.953 12.0829 0 0
0 0 0 0 0.580772
-0.00260877 0.0375537
6
127.935 328.734
5.295 9.953 12.0829 0 0
0 0 0 0 0.585375
-0.0129956 0.00811568
6
302.254 125.601
5.295 9.953 12.0829 0 0
0 0 0 0 0.584834
0.00330377 -0.000366359
6
318.219 131.398
5.295 9.953 12.0829 0 0
0 0 0 0 0.584187
0.00543073 0.000543482
6
391.601 203.593
5.295 9.953 12.0829 0 0
0 0 0 0 0.586066
0.0102482 -0.00321879
6
95.0207 221.504
5.295 9.953 12.0829 0 0
0 0 0 0 0.587562
-0.0105479 0.00170462
6
114.44 339.347
5.295 9.953 12.0829 0 0
0 0 0 0 0.586969
-0.0121555 0.00976633
6
239.838 367.963
5.295 9.953 12.0829 0 0
0 0 0 0 0.581232
-0.0147417 0.00239236
6
118.994 373.273
5.295 9.953 12.0829 0 0
0 0 0 0 0.589112
-0.013065 0.0131717
6
334.119 136.907
5.295 9.953 12.0829 0 0
0 0 0 0 0.585333
0.00794874 -0.00114951
6
73.4498 388.627
5.295 9.953 12.0829 0 0
0 0 0 0 0.592932
-0.0183329 0.0152503
6
363.12 131.287
5.295 9.953 12.0829 0 0
0 0 0 0 0.587167
0.0129361 -0.00671679
6
132.173 172.895
5.295 9.953 12.0829 0 0
0 0 0 0 0.584904
-0.000872359 0.00140593
6
229.314 130.461
5.295 9.953 12.0829 0 0
0 0 0 0 0.582818
0.0076133 -0.000369498
6
145.204 162.045
5.295 9.953 12.0829 0 0
0 0 0 0 0.584586
0.00019215 -0.00291275
6
151.453 386.524
5.295 9.953 12.0829 0 0
0 0 0 0 0.587122
-0.0112537 0.0139409
6
358.761 285.46
5.295 9.953 12.0829 0 0
0 0 0 0 0.58192
-0.051136 0.0174702
6
205.295 421.001
5.295 9.953 12.0829 0 0
0 0 0 0 0.588262
-0.00178705 0.0202067
6
201.248 404.365
5.295 9.953 12.0829 0 0
0 0 0 0 0.587015
-0.00421103 0.0203157
6
226.355 113.503
5.295 9.953 12.0829 0 0
0 0 0 0 0.585287
0.00406206 -0.00551648
6
137.229 397.011
5.295 9.953 12.0829 0 0
0 0 0 0 0.589181
-0.0118509 0.016604
6
414.912 319.778
5.295 9.953 12.0829 0 0
0 0 0 0 0.588665
0.0176798 0.00659859
6
167.682 393.096
5.295 9.953 12.0829 0 0
0 0 0 0 0.58758
-0.0120502 0.0171673
6
151.317 117.641
5.295 9.953 12.0829 0 0
0 0 0 0 0.587935
-0.0072603 -0.0182094
6
111.969 322.399
5.295 9.953 12.0829 0 0
0 0 0 0 0.586418
-0.011291 0.00773508
6
244.529 385.272
5.295 9.953 12.0829 0 0
0 0 0 0 0.583914
-0.00576877 0.00542998
6
118.896 183.691
5.295 9.953 12.0829 0 0
0 0 0 0 0.586377
-0.00330041 0.0044784
6
312.311 351.471
5.295 9.953 12.0829 0 0
0 0 0 0 0.580982
-0.00601408 0.0171361
6
404.86 192.23
5.295 9.953 12.0829 0 0
0 0 0 0 0.58761
0.0129925 -0.00434389
6
270.561 114.084
5.295 9.953 12.0829 0 0
0 0 0 0 0.585281
0.00150646 -0.00205134
6
397.848 236.84
5.295 9.953 12.0829 0 0
0 0 0 0 0.585416
0.0119134 -0.00285859
6
153.851 403.836
5.295 9.953 12.0829 0 0
0 0 0 0 0.588984
-0.0110302 0.0173834
6
84.9451 248.678
5.295 9.953 12.0829 0 0
0 0 0 0 0.588587
-0.0120403 -0.00172761
6
395.648 142.132
5.295 9.953 12.0829 0 0
0 0 0 0 0.588781
0.0151427 -0.00976117
6
184.364 132.008
5.295 9.953 12.0829 0 0
0 0 0 0 0.585452
-0.00366377 -0.0022233
6
108.268 210.97
5.295 9.953 12.0829 0 0
0 0 0 0 0.586517
-0.0100262 0.00306409
6
184.334 399.137
5.295 9.953 12.0829 0 0
0 0 0 0 0.586672
-0.00890692 0.0197889
6
388.224 343.402
5.295 9.953 12.0829 0 0
0 0 0 0 0.586859
0.00989445 0.00836116
6
390.477 326.964
5.295 9.953 12.0829 0 0
0 0 0 0 0.585819
0.0122498 4.54705e-05
6
116.589 167.055
5.295 9.953 12.0829 0 0
0 0 0 0 0.587413
-0.000526777 0.007215
6
218.232 409.17
5.295 9.953 12.0829 0 0
0 0 0 0 0.586765
0.000883015 0.0191355
6
138.861 128.057
5.295 9.953 12.0829 0 0
0 0 0 0 0.588333
-0.0075975 -0.0121367
6
109.411 305.437
5.295 9.953 12.0829 0 0
0 0 0 0 0.586766
-0.0110382 0.00520933
6
328.6 103.249
5.295 9.953 12.0829 0 0
0 0 0 0 0.587823
0.00962013 0.00035574
6
90.8894 282.23
5.295 9.953 12.0829 0 0
0 0 0 0 0.587583
-0.00854939 -0.000589167
6
161.674 105.74
5.295 9.953 12.0829 0 0
0 0 0 0 0.588463
-0.0234369 -0.0327795
6
261.916 390.885
5.295 9.953 12.0829 0 0
0 0 0 0 0.585182
0.00176902 0.00124648
6
354.374 335.207
5.295 9.953 12.0829 0 0
0 0 0 0 0.583408
0.0053087 0.00614479
6
341.666 346.242
5.295 9.953 12.0829 0 0
0 0 0 0 0.58334
0.00419235 0.0250983
6
224.103 96.6431
5.295 9.953 12.0829 0 0
0 0 0 0 0.587705
0.000436389 -0.00907118
6
126.887 139.069
5.295 9.953 12.0829 0 0
0 0 0 0 0.588353
-0.0118463 -0.00260789
6
398.705 158.849
5.295 9.953 12.0829 0 0
0 0 0 0 0.588283
0.0138377 -0.00741719
6
362.07 367.573
5.295 9.953 12.0829 0 0
0 0 0 0 0.586441
0.00706842 0.0192963
6
135.452 110.823
5.295 9.953 12.0829 0 0
0 0 0 0 0.589076
-0.0156384 -0.0131964
6
344.412 108.758
5.295 9.953 12.0829 0 0
0 0 0 0 0.588675
0.0128089 -0.00448022
6
312.586 98.8097
5.295 9.953 12.0829 0 0
0 0 0 0 0.588512
0.0050601 -0.000794667
6
135.94 413.952
5.295 9.953 12.0829 0 0
0 0 0 0 0.590808
-0.0184232 0.0190347
6
267.104 97.3456
5.295 9.953 12.0829 0 0
0 0 0 0 0.587625
-0.00293548 -0.00225152
6
100.563 349.959
5.295 9.953 12.0829 0 0
0 0 0 0 0.588364
-0.0137571 0.0114282
6
400.97 253.435
5.295 9.953 12.0829 0 0
0 0 0 0 0.586548
0.0133583 -0.00198132
6
275.826 379.898
5.295 9.953 12.0829 0 0
0 0 0 0 0.584121
0.00291926 -0.000468847
6
231.573 397.34
5.295 9.953 12.0829 0 0
0 0 0 0 0.585272
-0.000431144 0.00996345
6
376.285 119.994
5.295 9.953 12.0829 0 0
0 0 0 0 0.588572
0.0168287 -0.0108384
6
331.276 120.078
5.295 9.953 12.0829 0 0
0 0 0 0 0.586272
0.00831686 -0.000483696
6
184.457 117.218
5.295 9.953 12.0829 0 0
0 0 0 0 0.586483
0.011342 -0.0197907
6
241.985 119.339
5.295 9.953 12.0829 0 0
0 0 0 0 0.585072
0.00388765 -0.00241013
6
164.834 426.245
5.295 9.953 12.0829 0 0
0 0 0 0 0.590523
-0.0135388 0.0203146
6
155.24 134.109
5.295 9.953 12.0829 0 0
0 0 0 0 0.586198
-0.00210821 -0.0142273
6
93.4651 299.188
5.295 9.953 12.0829 0 0
0 0 0 0 0.587815
-0.00803699 0.0034205
6
406.131 113.61
5.295 9.953 12.0829 0 0
0 0 0 0 0.591344
0.0205883 -0.0178455
6
360.235 114.359
5.295 9.953 12.0829 0 0
0 0 0 0 0.588169
0.0157076 -0.00839833
6
251.722 90.9642
5.295 9.953 12.0829 0 0
0 0 0 0 0.587546
-0.00148045 -0.00800044
6
388.512 186.928
5.295 9.953 12.0829 0 0
0 0 0 0 0.585876
0.0103328 -0.00381941
6
170.975 410.29
5.295 9.953 12.0829 0 0
0 0 0 0 0.588081
-0.00950709 0.0195344
6
111.811 133.24
5.295 9.953 12.0829 0 0
0 0 0 0 0.589064
0.0119787 0.0147562
6
119.311 104.121
5.295 9.953 12.0829 0 0
0 0 0 0 0.590508
-0.0258873 -0.00925602
6
264.979 407.582
5.295 9.953 12.0829 0 0
0 0 0 0 0.586487
0.00419757 0.00554295
6
160.074 88.3525
5.295 9.953 12.0829 0 0
0 0 0 0 0.589429
-0.00740625 -0.0339391
6
299.217 108.789
5.295 9.953 12.0829 0 0
0 0 0 0 0.586811
0.00150964 -0.00237592
6
95.9686 316.145
5.295 9.953 12.0829 0 0
0 0 0 0 0.588288
-0.00881628 0.00739116
6
315.67 368.197
5.295 9.953 12.0829 0 0
0 0 0 0 0.583157
-0.00935117 0.0176945
6
104.307 271.444
5.295 9.953 12.0829 0 0
0 0 0 0 0.586154
-0.0112719 0.000130351
6
147.163 99.4695
5.295 9.953 12.0829 0 0
0 0 0 0 0.589407
-0.0194801 -0.0268973
6
210.58 107.776
5.295 9.953 12.0829 0 0
0 0 0 0 0.586677
0.00732177 -0.00197921
6
89.2699 188.575
5.295 9.953 12.0829 0 0
0 0 0 0 0.589685
-0.00939889 0.00399024
6
122.772 121.307
5.295 9.953 12.0829 0 0
0 0 0 0 0.589014
-0.0220319 -0.00194794
6
425.736 135.233
5.295 9.953 12.0829 0 0
0 0 0 0 0.591799
0.019618 -0.0132195
6
106.016 114.668
5.295 9.953 12.0829 0 0
0 0 0 0 0.591016
-0.0246693 -0.0193284
6
102.721 366.879
5.295 9.953 12.0829 0 0
0 0 0 0 0.589381
-0.0142133 0.0130007
6
342.076 91.8373
5.295 9.953 12.0829 0 0
0 0 0 0 0.589631
0.016439 -0.00538075
6
264.278 79.6485
5.295 9.953 12.0829 0 0
0 0 0 0 0.588851
-0.00302788 -0.00922524
6
411.085 225.526
5.295 9.953 12.0829 0 0
0 0 0 0 0.587982
0.0139224 -0.00314944
6
150.351 420.54
5.295 9.953 12.0829 0 0
0 0 0 0 0.58987
-0.0160291 0.0189733
6
114.265 150.268
5.295 9.953 12.0829 0 0
0 0 0 0 0.588491
0.000602727 0.00659773
6
239.35 102.357
5.295 9.953 12.0829 0 0
0 0 0 0 0.586368
0.00108096 -0.00721868
6
257.439 374.798
5.295 9.953 12.0829 0 0
0 0 0 0 0.582528
-0.0106632 0.00163902
6
183.123 448.417
5.295 9.953 12.0829 0 0
0 0 0 0 0.592264
-0.00880181 0.0220388
6
234.998 413.596
5.295 9.953 12.0829 0 0
0 0 0 0 0.58767
0.00353347 0.0134728
6
88.039 265.429
5.295 9.953 12.0829 0 0
0 0 0 0 0.588609
-0.0106629 -0.00225026
6
68.4817 242.341
5.295 9.953 12.0829 0 0
0 0 0 0 0.589989
-0.014296 -0.0025914
6
79.9757 309.955
5.295 9.953 12.0829 0 0
0 0 0 0 0.589184
-0.00575436 0.00618494
6
333.437 373.063
5.295 9.953 12.0829 0 0
0 0 0 0 0.58525
-0.00641602 0.0107246
6
135.221 379.862
5.295 9.953 12.0829 0 0
0 0 0 0 0.58765
-0.0120596 0.0138054
6
279.275 86.7652
5.295 9.953 12.0829 0 0
0 0 0 0 0.58909
-0.000682333 -0.00437712
6
373.426 103.011
5.295 9.953 12.0829 0 0
0 0 0 0 0.590155
0.0205085 -0.013455
6
105.509 194.409
5.295 9.953 12.0829 0 0
0 0 0 0 0.587088
-0.00694776 0.00590943
6
294.337 403.022
5.295 9.953 12.0829 0 0
0 0 0 0 0.586871
0.00324934 0.010623
6
67.7827 337.748
5.295 9.953 12.0829 0 0
0 0 0 0 0.592251
-0.0167153 0.0102458
6
244.601 464.157
5.295 9.953 12.0829 0 0
0 0 0 0 0.592858
0.00482803 0.0290656
6
296.305 91.656
5.295 9.953 12.0829 0 0
0 0 0 0 0.587971
0.00269314 -0.00876354
6
353.462 395.131
5.295 9.953 12.0829 0 0
0 0 0 0 0.588225
0.0106962 0.0156491
6
454.909 207.96
5.295 9.953 12.0829 0 0
0 0 0 0 0.593154
0.0227483 -0.00448097
6
102.998 177.966
5.295 9.953 12.0829 0 0
0 0 0 0 0.58787
-0.0046903 0.00902057
6
427.616 230.832
5.295 9.953 12.0829 0 0
0 0 0 0 0.589094
0.0174137 -0.00278511
6
379.295 136.805
5.295 9.953 12.0829 0 0
0 0 0 0 0.587892
0.0140021 -0.00837806
6
370.889 339.525
5.295 9.953 12.0829 0 0
0 0 0 0 0.585332
0.00425512 0.0166449
6
86.8145 172.667
5.295 9.953 12.0829 0 0
0 0 0 0 0.590053
-0.00833589 0.00601478
6
311.213 83.3579
5.295 9.953 12.0829 0 0
0 0 0 0 0.589376
0.0153967 0.00387398
6
415.176 164.023
5.295 9.953 12.0829 0 0
0 0 0 0 0.589694
0.0160668 -0.00802998
6
136.821 431.99
5.295 9.953 12.0829 0 0
0 0 0 0 0.5917
-0.0171568 0.0207018
6
85.2676 157.406
5.295 9.953 12.0829 0 0
0 0 0 0 0.59073
-0.010782 0.00509906
6
307.36 392.726
5.295 9.953 12.0829 0 0
0 0 0 0 0.586087
-0.00131601 0.00592006
6
116.785 356.288
5.295 9.953 12.0829 0 0
0 0 0 0 0.587965
-0.0129977 0.0112551
6
404.51 269.763
5.295 9.953 12.0829 0 0
0 0 0 0 0.586598
0.0171333 -0.00161634
6
383.187 388.463
5.295 9.953 12.0829 0 0
0 0 0 0 0.589339
0.0145874 0.0203201
6
74.7026 276.007
5.295 9.953 12.0829 0 0
0 0 0 0 0.589993
-0.00823611 -0.00352366
6
418.251 180.77
5.295 9.953 12.0829 0 0
0 0 0 0 0.589016
0.0159521 -0.00609261
6
185.903 47.8145
5.295 9.953 12.0829 0 0
0 0 0 0 0.59327
-0.0047286 -0.0250041
6
381.068 308.418
5.295 9.953 12.0829 0 0
0 0 0 0 0.585034
0.011514 0.015806
6
131.808 93.1278
5.295 9.953 12.0829 0 0
0 0 0 0 0.59081
-0.0259066 -0.0206533
6
414.235 242.144
5.295 9.953 12.0829 0 0
0 0 0 0 0.587801
0.0150557 -0.00260477
6
98.3549 333.085
5.295 9.953 12.0829 0 0
0 0 0 0 0.58902
-0.0115136 0.00983004
6
72.5368 181.081
5.295 9.953 12.0829 0 0
0 0 0 0 0.590818
-0.0181942 -0.00386135
6
358.451 351.214
5.295 9.953 12.0829 0 0
0 0 0 0 0.584219
0.00249102 0.0157882
6
81.7843 231.888
5.295 9.953 12.0829 0 0
0 0 0 0 0.588675
-0.0115302 -0.000814425
6
77.4752 292.95
5.295 9.953 12.0829 0 0
0 0 0 0 0.5903
-0.00481206 0.000528921
6
292.975 382.853
5.295 9.953 12.0829 0 0
0 0 0 0 0.584548
0.00721142 -0.0118743
6
391.698 280.526
5.295 9.953 12.0829 0 0
0 0 0 0 0.585616
0.0176938 0.000922749
6
339.151 74.96
5.295 9.953 12.0829 0 0
0 0 0 0 0.591302
0.0107579 -0.0109788
6
179.596 430.936
5.295 9.953 12.0829 0 0
0 0 0 0 0.589897
-0.0105978 0.020912
6
209.02 91.7658
5.295 9.953 12.0829 0 0
0 0 0 0 0.588182
-0.00466588 -0.00618729
6
98.2108 238.217
5.295 9.953 12.0829 0 0
0 0 0 0 0.587411
-0.0109474 0.00144087
6
396.173 376.826
5.295 9.953 12.0829 0 0
0 0 0 0 0.589365
0.0143285 0.0164214
6
375.279 355.567
5.295 9.953 12.0829 0 0
0 0 0 0 0.586544
0.00727684 0.0159978
6
340.382 406.958
5.295 9.953 12.0829 0 0
0 0 0 0 0.588646
0.00769033 0.00867619
6
278.786 396.395
5.295 9.953 12.0829 0 0
0 0 0 0 0.585312
0.00476696 0.00206606
6
69.8766 354.637
5.295 9.953 12.0829 0 0
0 0 0 0 0.591809
-0.0183361 0.0132522
6
251.514 418.644
5.295 9.953 12.0829 0 0
0 0 0 0 0.587633
0.00445009 0.0116169
6
71.6273 259.224
5.295 9.953 12.0829 0 0
0 0 0 0 0.589985
-0.0130774 -0.00423634
6
273.748 51.0083
5.295 9.953 12.0829 0 0
0 0 0 0 0.592752
-0.00127453 -0.0214321
6
248.6 73.6681
5.295 9.953 12.0829 0 0
0 0 0 0 0.590056
-0.0025488 -0.0140251
6
365.834 383.619
5.295 9.953 12.0829 0 0
0 0 0 0 0.588076
0.0153897 0.0205161
6
387.738 264.892
5.295 9.953 12.0829 0 0
0 0 0 0 0.584112
0.0121826 -0.000136238
6
98.8613 145.292
5.295 9.953 12.0829 0 0
0 0 0 0 0.590237
-0.00925883 0.00852247
6
422.332 354.043
5.295 9.953 12.0829 0 0
0 0 0 0 0.591047
0.0226898 0.0148345
6
66.4493 320.965
5.295 9.953 12.0829 0 0
0 0 0 0 0.591877
-0.0124515 0.00604866
6
406.347 410.367
5.295 9.953 12.0829 0 0
0 0 0 0 0.591972
0.0178162 0.0191261
6
326.564 86.4032
5.295 9.953 12.0829 0 0
0 0 0 0 0.58992
0.012164 1.42575e-05
6
310.284 410.528
5.295 9.953 12.0829 0 0
0 0 0 0 0.588384
0.00561652 0.00755061
6
92.0394 204.929
5.295 9.953 12.0829 0 0
0 0 0 0 0.587994
-0.00959473 0.00223043
6
424.242 291.976
5.295 9.953 12.0829 0 0
0 0 0 0 0.589443
0.0209139 0.00188014
6
121.745 425.066
5.295 9.953 12.0829 0 0
0 0 0 0 0.592147
-0.0194857 0.0192325
6
398.381 313.372
5.295 9.953 12.0829 0 0
0 0 0 0 0.586426
0.0151196 -0.00504912
6
82.3082 326.971
5.295 9.953 12.0829 0 0
0 0 0 0 0.589757
-0.0107579 0.00957143
6
377.327 287.473
5.295 9.953 12.0829 0 0
0 0 0 0 0.5835
-0.0228 -0.0579952
6
238.4 430.145
5.295 9.953 12.0829 0 0
0 0 0 0 0.588956
0.0038249 0.0175833
6
283.368 431.73
5.295 9.953 12.0829 0 0
0 0 0 0 0.590352
0.00578311 0.0125514
6
84.2423 343.79
5.295 9.953 12.0829 0 0
0 0 0 0 0.590399
-0.0150236 0.0115607
6
104.612 383.868
5.295 9.953 12.0829 0 0
0 0 0 0 0.59049
-0.0147977 0.0149048
6
144.45 82.1131
5.295 9.953 12.0829 0 0
0 0 0 0 0.591227
-0.0183544 -0.0275551
6
379.066 371.959
5.295 9.953 12.0829 0 0
0 0 0 0 0.587921
0.0118161 0.0174035
6
116.287 86.1052
5.295 9.953 12.0829 0 0
0 0 0 0 0.592524
-0.0237138 -0.0236342
6
343.12 424.547
5.295 9.953 12.0829 0 0
0 0 0 0 0.590367
0.0135422 0.00890381
6
444.362 236.166
5.295 9.953 12.0829 0 0
0 0 0 0 0.591628
0.0212503 -0.00186764
6
69.3757 114.608
5.295 9.953 12.0829 0 0
0 0 0 0 0.592939
-0.0779901 -0.00956938
6
221.981 425.561
5.295 9.953 12.0829 0 0
0 0 0 0 0.589097
0.0020942 0.0190879
6
220.251 79.0434
5.295 9.953 12.0829 0 0
0 0 0 0 0.589029
-0.00592536 -0.0125951
6
58.1855 269.812
5.295 9.953 12.0829 0 0
0 0 0 0 0.592617
-0.0122714 -0.00404577
6
392.613 125.387
5.295 9.953 12.0829 0 0
0 0 0 0 0.589973
0.0173645 -0.0126863
6
74.4489 423.75
5.295 9.953 12.0829 0 0
0 0 0 0 0.594271
-0.027261 0.0192354
6
78.574 215.07
5.295 9.953 12.0829 0 0
0 0 0 0 0.590251
-0.0102803 -0.00127545
6
103.492 96.7322
5.295 9.953 12.0829 0 0
0 0 0 0 0.592404
-0.0259526 -0.0155865
6
96.9066 128.695
5.295 9.953 12.0829 0 0
0 0 0 0 0.591217
-0.0544391 -0.00246388
6
121.036 407.312
5.295 9.953 12.0829 0 0
0 0 0 0 0.590551
-0.0186062 0.0170587
6
405.3 348.881
5.295 9.953 12.0829 0 0
0 0 0 0 0.588676
0.0170723 0.0147049
6
370.393 400.362
5.295 9.953 12.0829 0 0
0 0 0 0 0.589367
0.0123905 0.0226883
6
324.034 400.494
5.295 9.953 12.0829 0 0
0 0 0 0 0.587873
0.00648882 0.00917988
6
424.467 214.164
5.295 9.953 12.0829 0 0
0 0 0 0 0.589339
0.0165942 -0.00363944
6
242.061 37.9968
5.295 9.953 12.0829 0 0
0 0 0 0 0.594078
-0.0038375 -0.0336434
6
286.676 468.977
5.295 9.953 12.0829 0 0
0 0 0 0 0.594349
0.0143797 0.0105795
6
89.6409 394.768
5.295 9.953 12.0829 0 0
0 0 0 0 0.591818
-0.019276 0.017396
6
197.003 82.7522
5.295 9.953 12.0829 0 0
0 0 0 0 0.589568
-0.00187228 -0.0168462
6
357.25 412.557
5.295 9.953 12.0829 0 0
0 0 0 0 0.590038
0.00849682 0.0170975
6
65.2266 225.523
5.295 9.953 12.0829 0 0
0 0 0 0 0.59136
-0.0130699 -0.00153437
6
289.914 75.639
5.295 9.953 12.0829 0 0
0 0 0 0 0.590476
-0.0158446 -0.0103855
6
441.16 219.447
5.295 9.953 12.0829 0 0
0 0 0 0 0.590551
0.0201076 -0.00327532
6
61.4427 286.568
5.295 9.953 12.0829 0 0
0 0 0 0 0.591441
-0.00599761 -0.000995693
6
236.069 84.9826
5.295 9.953 12.0829 0 0
0 0 0 0 0.588831
-0.00223979 -0.0121861
6
184.5 25.5715
5.295 9.953 12.0829 0 0
0 0 0 0 0.597094
-0.0128377 -0.024931
6
416.977 82.9196
5.295 9.953 12.0829 0 0
0 0 0 0 0.593759
0.0326721 -0.0213848
6
343.275 465.764
5.295 9.953 12.0829 0 0
0 0 0 0 0.595021
0.00425516 0.0315981
6
276.405 67.8046
5.295 9.953 12.0829 0 0
0 0 0 0 0.591476
-0.00798988 -0.0143027
6
322.547 69.0367
5.295 9.953 12.0829 0 0
0 0 0 0 0.592153
0.00182031 5.0849e-05
6
392.095 360.14
5.295 9.953 12.0829 0 0
0 0 0 0 0.588289
0.0115835 0.0130472
6
290.732 56.9278
5.295 9.953 12.0829 0 0
0 0 0 0 0.592957
-0.00147295 -0.00604367
6
419.518 337.324
5.295 9.953 12.0829 0 0
0 0 0 0 0.589339
0.0243694 0.0118742
6
138.654 450.277
5.295 9.953 12.0829 0 0
0 0 0 0 0.59323
-0.0159983 0.0223361
6
412.132 147.24
5.295 9.953 12.0829 0 0
0 0 0 0 0.590535
0.0166872 -0.0105902
6
75.5502 198.165
5.295 9.953 12.0829 0 0
0 0 0 0 0.59066
-0.0129531 -0.00355645
6
328.523 435.682
5.295 9.953 12.0829 0 0
0 0 0 0 0.591144
0.0172262 0.00606255
6
171.111 461.793
5.295 9.953 12.0829 0 0
0 0 0 0 0.593643
-0.00849813 0.0238446
6
205.772 70.5906
5.295 9.953 12.0829 0 0
0 0 0 0 0.590541
-0.00117229 -0.0247017
6
51.0892 331.623
5.295 9.953 12.0829 0 0
0 0 0 0 0.593397
-0.0173921 0.00334166
6
267.675 424.781
5.295 9.953 12.0829 0 0
0 0 0 0 0.58894
0.00428592 0.0115532
6
457.586 365.195
5.295 9.953 12.0829 0 0
0 0 0 0 0.594403
0.0387714 0.0263935
6
83.9881 120.331
5.295 9.953 12.0829 0 0
0 0 0 0 0.591585
-0.0276405 0.0112302
6
56.951 382.978
5.295 9.953 12.0829 0 0
0 0 0 0 0.593767
-0.0216579 0.0199425
6
220.782 14.786
5.295 9.953 12.0829 0 0
0 0 0 0 0.598341
-0.0108054 -0.0451509
6
423.961 416.41
5.295 9.953 12.0829 0 0
0 0 0 0 0.593764
0.0224934 0.0155475
6
51.0319 314.913
5.295 9.953 12.0829 0 0
0 0 0 0 0.59311
-0.0161166 -0.00302026
6
63.3011 147.555
5.295 9.953 12.0829 0 0
0 0 0 0 0.593067
-0.00943007 -0.000764435
6
270.001 31.9438
5.295 9.953 12.0829 0 0
0 0 0 0 0.595433
0.00466663 -0.0247785
6
59.1325 191.42
5.295 9.953 12.0829 0 0
0 0 0 0 0.593026
-0.021975 -0.00308759
6
461.356 241.588
5.295 9.953 12.0829 0 0
0 0 0 0 0.592897
0.0245561 -6.0966e-05
6
225.518 31.9529
5.295 9.953 12.0829 0 0
0 0 0 0 0.595582
-0.0072365 -0.0385438
6
409.198 365.44
5.295 9.953 12.0829 0 0
0 0 0 0 0.589712
0.0170365 0.0161961
6
428.718 152.235
5.295 9.953 12.0829 0 0
0 0 0 0 0.591048
0.018805 -0.0105546
6
226.048 442.522
5.295 9.953 12.0829 0 0
0 0 0 0 0.591583
0.00102607 0.0197744
6
48.2126 296.949
5.295 9.953 12.0829 0 0
0 0 0 0 0.59411
-0.00538892 0.00586046
6
389.608 108.588
5.295 9.953 12.0829 0 0
0 0 0 0 0.590697
0.0208547 -0.0161116
6
441.037 297.579
5.295 9.953 12.0829 0 0
0 0 0 0 0.590542
0.0237196 0.00373181
6
400.214 79.9218
5.295 9.953 12.0829 0 0
0 0 0 0 0.592679
0.0306084 -0.0313523
6
458.101 224.774
5.295 9.953 12.0829 0 0
0 0 0 0 0.592977
0.0235667 -0.00225958
6
245.398 55.9965
5.295 9.953 12.0829 0 0
0 0 0 0 0.592764
-0.00361579 -0.0228335
6
221.995 475.578
5.295 9.953 12.0829 0 0
0 0 0 0 0.595644
0.00457547 0.0295087
6
370.449 445.612
5.295 9.953 12.0829 0 0
0 0 0 0 0.593298
0.00656157 0.0236084
6
314.247 446.57
5.295 9.953 12.0829 0 0
0 0 0 0 0.592114
0.0175151 0.00597558
6
86.2917 88.949
5.295 9.953 12.0829 0 0
0 0 0 0 0.593569
-0.0322498 -0.0272631
6
22.6003 197.46
5.295 9.953 12.0829 0 0
0 0 0 0 0.597078
-0.0260527 0.00280492
6
257.298 453.273
5.295 9.953 12.0829 0 0
0 0 0 0 0.5928
0.00405316 0.0206205
6
141.771 63.748
5.295 9.953 12.0829 0 0
0 0 0 0 0.593134
-0.0203658 -0.0303312
6
285.1 450.301
5.295 9.953 12.0829 0 0
0 0 0 0 0.591657
0.00843618 0.0160763
6
25.0069 180.037
5.295 9.953 12.0829 0 0
0 0 0 0 0.595776
-0.0655667 0.000133769
6
418.82 398.993
5.295 9.953 12.0829 0 0
0 0 0 0 0.592053
0.0211796 0.0177473
6
355.208 79.7251
5.295 9.953 12.0829 0 0
0 0 0 0 0.590957
0.0155723 -0.0139
6
91.1286 430.169
5.295 9.953 12.0829 0 0
0 0 0 0 0.593638
-0.0254594 0.0216839
6
486.432 201.578
5.295 9.953 12.0829 0 0
0 0 0 0 0.597242
0.0263971 -0.00451582
6
386.701 91.6164
5.295 9.953 12.0829 0 0
0 0 0 0 0.591437
0.0247989 -0.0198869
6
388.853 404.705
5.295 9.953 12.0829 0 0
0 0 0 0 0.590748
0.0154354 0.0213383
6
254.545 435.695
5.295 9.953 12.0829 0 0
0 0 0 0 0.590221
0.00389647 0.0168782
6
154.704 456.505
5.295 9.953 12.0829 0 0
0 0 0 0 0.594035
-0.0124734 0.023203
6
382.572 433.961
5.295 9.953 12.0829 0 0
0 0 0 0 0.59315
0.010721 0.0232775
6
450.958 269.661
5.295 9.953 12.0829 0 0
0 0 0 0 0.591631
0.0243315 0.00222881
6
171.469 54.8377
5.295 9.953 12.0829 0 0
0 0 0 0 0.592307
-0.018688 -0.0360056
6
480.028 166.95
5.295 9.953 12.0829 0 0
0 0 0 0 0.596212
0.0258229 -0.0119629
6
86.362 360.669
5.295 9.953 12.0829 0 0
0 0 0 0 0.590833
-0.0159635 0.0134582
6
281.025 413.941
5.295 9.953 12.0829 0 0
0 0 0 0 0.587883
0.00366434 0.0083549
6
47.6477 139.587
5.295 9.953 12.0829 0 0
0 0 0 0 0.594079
-0.0288796 -0.00421849
6
411.07 302.878
5.295 9.953 12.0829 0 0
0 0 0 0 0.588345
0.0165339 0.000839763
6
55.8861 174.29
5.295 9.953 12.0829 0 0
0 0 0 0 0.59342
-0.0303922 -0.00112955
6
36.9612 342.431
5.295 9.953 12.0829 0 0
0 0 0 0 0.59482
-0.0206563 0.0066104
6
82.6785 71.6764
5.295 9.953 12.0829 0 0
0 0 0 0 0.594745
-0.0321007 -0.0284204
6
435.781 342.586
5.295 9.953 12.0829 0 0
0 0 0 0 0.591679
0.0289206 0.0133721
6
365.868 427.743
5.295 9.953 12.0829 0 0
0 0 0 0 0.591447
0.00692749 0.0220569
6
5.18065 264.002
5.295 9.953 12.0829 0 0
0 0 0 0 0.59839
-0.0610604 -0.0132005
6
434.897 185.947
5.295 9.953 12.0829 0 0
0 0 0 0 0.591218
0.0190998 -0.00642104
6
457.112 127.876
5.295 9.953 12.0829 0 0
0 0 0 0 0.594633
0.0246211 -0.0158137
6
55.1648 252.814
5.295 9.953 12.0829 0 0
0 0 0 0 0.592606
-0.0192122 -0.00337798
6
431.677 325.486
5.295 9.953 12.0829 0 0
0 0 0 0 0.590092
0.0241182 0.00775722
6
303.613 70.9159
5.295 9.953 12.0829 0 0
0 0 0 0 0.591866
0.0010105 -0.00162654
6
420.824 275.367
5.295 9.953 12.0829 0 0
0 0 0 0 0.587915
0.0195048 -5.39509e-05
6
232.969 67.6347
5.295 9.953 12.0829 0 0
0 0 0 0 0.591472
-0.00243478 -0.0170452
6
353.868 62.2659
5.295 9.953 12.0829 0 0
0 0 0 0 0.592922
0.0052091 -0.0176136
6
316.089 487.55
5.295 9.953 12.0829 0 0
0 0 0 0 0.597234
0.00194539 0.0408535
6
152.007 438.442
5.295 9.953 12.0829 0 0
0 0 0 0 0.591937
-0.0145453 0.0212742
6
458.182 303.299
5.295 9.953 12.0829 0 0
0 0 0 0 0.593187
0.0279606 0.00458271
6
438.014 202.71
5.295 9.953 12.0829 0 0
0 0 0 0 0.590704
0.019501 -0.0047887
6
417.556 258.683
5.295 9.953 12.0829 0 0
0 0 0 0 0.587795
0.0179113 -0.00224889
6
437.505 280.852
5.295 9.953 12.0829 0 0
0 0 0 0 0.590513
0.0227809 0.00159438
6
336.509 33.6538
5.295 9.953 12.0829 0 0
0 0 0 0 0.594774
0.023919 -0.0497976
6
105.527 400.948
5.295 9.953 12.0829 0 0
0 0 0 0 0.591108
-0.0189175 0.016529
6
37.8955 168.256
5.295 9.953 12.0829 0 0
0 0 0 0 0.594827
-0.0386499 0.00764983
6
172.248 70.2289
5.295 9.953 12.0829 0 0
0 0 0 0 0.591206
0.00443368 -0.0100418
6
431.784 169.14
5.295 9.953 12.0829 0 0
0 0 0 0 0.590691
0.018836 -0.00832154
6
312.485 428.466
5.295 9.953 12.0829 0 0
0 0 0 0 0.58969
0.0100466 0.00865299
6
34.8382 229.397
5.295 9.953 12.0829 0 0
0 0 0 0 0.595487
-0.0175078 0.00107296
6
5.21636 247.129
5.295 9.953 12.0829 0 0
0 0 0 0 0.598353
-0.0440517 -0.0199681
6
439.641 359.401
5.295 9.953 12.0829 0 0
0 0 0 0 0.592067
0.0279687 0.0143351
6
444.788 314.343
5.295 9.953 12.0829 0 0
0 0 0 0 0.592133
0.0250641 0.00640214
6
88.2701 377.628
5.295 9.953 12.0829 0 0
0 0 0 0 0.59078
-0.0162393 0.0149901
6
136.981 27.2058
5.295 9.953 12.0829 0 0
0 0 0 0 0.596498
-0.00572266 -0.0357133
6
407.596 286.516
5.295 9.953 12.0829 0 0
0 0 0 0 0.586843
0.0166928 0.00197619
6
431.529 387.682
5.295 9.953 12.0829 0 0
0 0 0 0 0.592256
0.0234807 0.016297
6
99.9439 79.059
5.295 9.953 12.0829 0 0
0 0 0 0 0.593069
-0.0235604 -0.0245106
6
64.038 303.695
5.295 9.953 12.0829 0 0
0 0 0 0 0.591633
-0.00284301 0.00324445
6
284.296 20.5122
5.295 9.953 12.0829 0 0
0 0 0 0 0.596883
0.00399827 -0.0186737
6
204.723 470.753
5.295 9.953 12.0829 0 0
0 0 0 0 0.594431
0.00143785 0.0233034
6
62.1122 208.502
5.295 9.953 12.0829 0 0
0 0 0 0 0.59171
-0.0107553 -0.00127338
6
370.891 85.6267
5.295 9.953 12.0829 0 0
0 0 0 0 0.59141
0.0194163 -0.0149347
6
447.615 252.9
5.295 9.953 12.0829 0 0
0 0 0 0 0.591589
0.0222226 -9.65837e-05
6
90.4705 412.273
5.295 9.953 12.0829 0 0
0 0 0 0 0.592401
-0.0240192 0.019471
6
109.661 50.134
5.295 9.953 12.0829 0 0
0 0 0 0 0.595052
-0.0251394 -0.0393549
6
260.873 62.132
5.295 9.953 12.0829 0 0
0 0 0 0 0.591379
-0.00692041 -0.0190824
6
273.025 480.466
5.295 9.953 12.0829 0 0
0 0 0 0 0.595624
0.0210433 0.0247181
6
157.847 474.639
5.295 9.953 12.0829 0 0
0 0 0 0 0.595099
-0.0107321 0.0238832
6
439.765 123.01
5.295 9.953 12.0829 0 0
0 0 0 0 0.593135
0.0234453 -0.0149684
6
296.768 421.008
5.295 9.953 12.0829 0 0
0 0 0 0 0.589379
0.00605967 0.0106533
6
198.345 36.6315
5.295 9.953 12.0829 0 0
0 0 0 0 0.594417
-7.04391e-05 -0.0315515
6
326.523 417.951
5.295 9.953 12.0829 0 0
0 0 0 0 0.588948
0.00915584 0.00800572
6
475.361 230.221
5.295 9.953 12.0829 0 0
0 0 0 0 0.595627
0.0266199 -0.000110542
6
476.756 149.138
5.295 9.953 12.0829 0 0
0 0 0 0 0.59631
0.0252488 -0.0141825
6
382.208 38.6739
5.295 9.953 12.0829 0 0
0 0 0 0 0.595539
0.021011 -0.0212164
6
53.3363 348.726
5.295 9.953 12.0829 0 0
0 0 0 0 0.593688
-0.019919 0.0107278
6
442.47 140.189
5.295 9.953 12.0829 0 0
0 0 0 0 0.592324
0.0212725 -0.0128139
6
267.726 14.1143
5.295 9.953 12.0829 0 0
0 0 0 0 0.598417
0.0290244 -0.0593105
6
106.288 418.426
5.295 9.953 12.0829 0 0
0 0 0 0 0.592437
-0.0215038 0.0179709
6
485.918 281.199
5.295 9.953 12.0829 0 0
0 0 0 0 0.597173
0.0390637 0.00432265
6
51.6588 236.03
5.295 9.953 12.0829 0 0
0 0 0 0 0.592664
-0.0178715 -0.000636423
6
394.237 421.984
5.295 9.953 12.0829 0 0
0 0 0 0 0.592032
0.0154027 0.0221654
6
12.3913 325.169
5.295 9.953 12.0829 0 0
0 0 0 0 0.597098
-0.0784547 0.0491977
6
129.093 75.1368
5.295 9.953 12.0829 0 0
0 0 0 0 0.592521
-0.0227807 -0.0289684
6
317.364 32.5875
5.295 9.953 12.0829 0 0
0 0 0 0 0.59576
0.0150664 -0.0491749
6
156.639 70.8364
5.295 9.953 12.0829 0 0
0 0 0 0 0.591509
-0.0115269 -0.0327928
6
349.962 23.0252
5.295 9.953 12.0829 0 0
0 0 0 0 0.596107
0.0296273 -0.0660413
6
71.7342 371.543
5.295 9.953 12.0829 0 0
0 0 0 0 0.592167
-0.019187 0.0150992
6
214.222 455.905
5.295 9.953 12.0829 0 0
0 0 0 0 0.593066
-0.00218109 0.0176611
6
271.567 461.588
5.295 9.953 12.0829 0 0
0 0 0 0 0.592903
0.00606487 0.0222832
6
170.919 38.0468
5.295 9.953 12.0829 0 0
0 0 0 0 0.594642
0.0118253 -0.052369
6
57.3954 400.774
5.295 9.953 12.0829 0 0
0 0 0 0 0.594153
-0.0310431 0.0239532
6
44.7669 280.755
5.295 9.953 12.0829 0 0
0 0 0 0 0.594108
-0.00961347 0.00118726
6
62.9197 130.145
5.295 9.953 12.0829 0 0
0 0 0 0 0.593368
-0.0117933 0.0158175
6
89.6511 105.556
5.295 9.953 12.0829 0 0
0 0 0 0 0.592375
-0.0338459 -0.0273003
6
384.69 74.1955
5.295 9.953 12.0829 0 0
0 0 0 0 0.593031
0.0205575 -0.0174405
6
71.7516 98.156
5.295 9.953 12.0829 0 0
0 0 0 0 0.593777
-0.0345365 -0.0157931
6
426.617 370.759
5.295 9.953 12.0829 0 0
0 0 0 0 0.591431
0.0211727 0.0153327
6
204.125 20.4887
5.295 9.953 12.0829 0 0
0 0 0 0 0.597007
-0.0081704 -0.0365575
6
210.33 438.432
5.295 9.953 12.0829 0 0
0 0 0 0 0.590535
-0.00280552 0.0183819
6
399.483 440.281
5.295 9.953 12.0829 0 0
0 0 0 0 0.593561
0.0130635 0.0220906
6
42.2089 185.173
5.295 9.953 12.0829 0 0
0 0 0 0 0.59452
-0.0431076 0.00619295
6
6.62017 229.685
5.295 9.953 12.0829 0 0
0 0 0 0 0.598442
-0.0426302 -0.0229068
6
37.7369 359.946
5.295 9.953 12.0829 0 0
0 0 0 0 0.594964
-0.022406 0.0121813
6
422.787 118.141
5.295 9.953 12.0829 0 0
0 0 0 0 0.591509
0.0216631 -0.0159136
6
430.849 247.472
5.295 9.953 12.0829 0 0
0 0 0 0 0.589052
0.0191014 -0.00203368
6
126.065 57.0386
5.295 9.953 12.0829 0 0
0 0 0 0 0.593746
-0.0214836 -0.0387352
6
155.241 52.653
5.295 9.953 12.0829 0 0
0 0 0 0 0.593912
-0.0214672 -0.029197
6
187.788 466.354
5.295 9.953 12.0829 0 0
0 0 0 0 0.594642
-0.00379713 0.0234511
6
475.794 309.231
5.295 9.953 12.0829 0 0
0 0 0 0 0.595811
0.0280661 0.00933431
6
357.22 456.171
5.295 9.953 12.0829 0 0
0 0 0 0 0.594068
0.00506405 0.0264163
6
257.929 473.162
5.295 9.953 12.0829 0 0
0 0 0 0 0.59424
0.00997366 0.033128
6
123.043 38.7425
5.295 9.953 12.0829 0 0
0 0 0 0 0.595634
-0.0184519 -0.0413839
6
44.5257 122.233
5.295 9.953 12.0829 0 0
0 0 0 0 0.595584
-0.00870458 -0.0194628
6
332.024 17.2935
5.295 9.953 12.0829 0 0
0 0 0 0 0.597155
0.028253 -0.0662842
6
29.0188 292.059
5.295 9.953 12.0829 0 0
0 0 0 0 0.595487
-0.0200821 -0.000612664
6
217.868 60.6236
5.295 9.953 12.0829 0 0
0 0 0 0 0.591621
0.000645892 -0.0230413
6
107.587 454.269
5.295 9.953 12.0829 0 0
0 0 0 0 0.595029
-0.0210953 0.0201575
6
481.988 264.216
5.295 9.953 12.0829 0 0
0 0 0 0 0.595668
0.023806 0.00493042
6
254.585 490.869
5.295 9.953 12.0829 0 0
0 0 0 0 0.596988
0.00514886 0.0347245
6
413.796 382.066
5.295 9.953 12.0829 0 0
0 0 0 0 0.591505
0.019205 0.0172653
6
478.706 247.198
5.295 9.953 12.0829 0 0
0 0 0 0 0.595634
0.0271279 0.00281857
6
471.718 354.206
5.295 9.953 12.0829 0 0
0 0 0 0 0.595228
0.0306368 0.00995752
6
384.555 56.6563
5.295 9.953 12.0829 0 0
0 0 0 0 0.594762
0.0278002 -0.0194268
6
490.219 298.615
5.295 9.953 12.0829 0 0
0 0 0 0 0.5971
0.0291991 0.00974372
6
365.028 32.4913
5.295 9.953 12.0829 0 0
0 0 0 0 0.596406
0.0108509 -0.0170105
6
434.011 87.915
5.295 9.953 12.0829 0 0
0 0 0 0 0.593781
0.0329293 -0.0177819
6
270.184 442.483
5.295 9.953 12.0829 0 0
0 0 0 0 0.591493
0.00531912 0.0164148
6
29.4694 274.314
5.295 9.953 12.0829 0 0
0 0 0 0 0.595459
-0.0213253 0.00598672
6
15.0804 214.335
5.295 9.953 12.0829 0 0
0 0 0 0 0.596885
-0.046933 -0.0289219
6
315.5 11.7554
5.295 9.953 12.0829 0 0
0 0 0 0 0.598448
0.015109 -0.0661691
6
39.7699 377.828
5.295 9.953 12.0829 0 0
0 0 0 0 0.595485
-0.0240589 0.0177991
6
209.557 488.821
5.295 9.953 12.0829 0 0
0 0 0 0 0.597163
-0.00115549 0.0259206
6
140.923 468.624
5.295 9.953 12.0829 0 0
0 0 0 0 0.595317
-0.0148849 0.0229558
6
373.579 464.153
5.295 9.953 12.0829 0 0
0 0 0 0 0.594624
0.00775362 0.0258323
6
33.9763 150.669
5.295 9.953 12.0829 0 0
0 0 0 0 0.595021
-0.0345808 0.000338653
6
174.982 479.742
5.295 9.953 12.0829 0 0
0 0 0 0 0.596019
-0.0065008 0.0241355
6
271.294 498.615
5.295 9.953 12.0829 0 0
0 0 0 0 0.59848
0.00733746 0.0290268
6
20.3265 162.396
5.295 9.953 12.0829 0 0
0 0 0 0 0.597266
-0.0386727 -0.00244598
6
403.089 96.7795
5.295 9.953 12.0829 0 0
0 0 0 0 0.592523
0.0240179 -0.0232819
6
472.104 213.271
5.295 9.953 12.0829 0 0
0 0 0 0 0.594344
0.0255278 -0.00338196
6
314.583 467.707
5.295 9.953 12.0829 0 0
0 0 0 0 0.594554
0.00274642 0.0395299
6
153.538 34.4712
5.295 9.953 12.0829 0 0
0 0 0 0 0.596136
0.00171193 -0.03192
6
401.145 393.334
5.295 9.953 12.0829 0 0
0 0 0 0 0.590643
0.0168857 0.0183136
6
96.3612 61.154
5.295 9.953 12.0829 0 0
0 0 0 0 0.594544
-0.0235891 -0.0273506
6
300.457 457.789
5.295 9.953 12.0829 0 0
0 0 0 0 0.593099
0.0173352 0.00943017
6
19.4404 341.268
5.295 9.953 12.0829 0 0
0 0 0 0 0.597168
-0.0288412 0.0417486
6
201.083 54.6514
5.295 9.953 12.0829 0 0
0 0 0 0 0.593004
0.000238604 -0.0277596
6
453.821 110.134
5.295 9.953 12.0829 0 0
0 0 0 0 0.594363
0.0270891 -0.0181561
6
241.789 447.056
5.295 9.953 12.0829 0 0
0 0 0 0 0.591504
0.0025793 0.0228037
6
434.121 264.159
5.295 9.953 12.0829 0 0
0 0 0 0 0.590334
0.021022 -0.000387048
6
350.385 44.5776
5.295 9.953 12.0829 0 0
0 0 0 0 0.594959
0.0069457 -0.0141407
6
301.082 478.072
5.295 9.953 12.0829 0 0
0 0 0 0 0.59569
0.00105876 0.0371003
6
468.913 196.315
5.295 9.953 12.0829 0 0
0 0 0 0 0.594653
0.0249123 -0.00644431
6
13.7941 278.054
5.295 9.953 12.0829 0 0
0 0 0 0 0.598335
-0.0391665 -0.0170282
6
301.836 21.8763
5.295 9.953 12.0829 0 0
0 0 0 0 0.595642
0.0123726 -0.0487441
6
37.9828 246.721
5.295 9.953 12.0829 0 0
0 0 0 0 0.594048
-0.0294849 -0.000852808
6
254.254 25.9266
5.295 9.953 12.0829 0 0
0 0 0 0 0.595491
-0.0023647 -0.0336603
6
466.374 337.137
5.295 9.953 12.0829 0 0
0 0 0 0 0.594824
0.0285716 0.00874779
6
124.25 461.723
5.295 9.953 12.0829 0 0
0 0 0 0 0.594831
-0.0186257 0.0217947
6
238.039 19.982
5.295 9.953 12.0829 0 0
0 0 0 0 0.596865
-0.00743101 -0.0386877
6
198.744 452.253
5.295 9.953 12.0829 0 0
0 0 0 0 0.591913
-0.00562455 0.0200749
6
21.4395 311.23
5.295 9.953 12.0829 0 0
0 0 0 0 0.598432
-0.0470311 0.0537266
6
74.4467 405.894
5.295 9.953 12.0829 0 0
0 0 0 0 0.59381
-0.0256174 0.0170489
6
139.471 45.6606
5.295 9.953 12.0829 0 0
0 0 0 0 0.594149
-0.0158749 -0.0396599
6
327.654 457.37
5.295 9.953 12.0829 0 0
0 0 0 0 0.593506
0.000598466 0.03493
6
454.46 286.467
5.295 9.953 12.0829 0 0
0 0 0 0 0.593072
0.0264657 0.00404662
6
297.733 5.07808
5.295 9.953 12.0829 0 0
0 0 0 0 0.598503
-0.0223851 -0.0659391
6
480.63 326.414
5.295 9.953 12.0829 0 0
0 0 0 0 0.596026
0.0339026 0.0109889
6
465.766 179.317
5.295 9.953 12.0829 0 0
0 0 0 0 0.594749
0.0244991 -0.00912439
6
419.741 100.717
5.295 9.953 12.0829 0 0
0 0 0 0 0.592542
0.0246843 -0.0188563
6
229.917 49.5573
5.295 9.953 12.0829 0 0
0 0 0 0 0.5928
-0.000390644 -0.0292656
6
32.253 212.306
5.295 9.953 12.0829 0 0
0 0 0 0 0.595557
-0.029129 0.00385563
6
462.609 162.279
5.295 9.953 12.0829 0 0
0 0 0 0 0.593873
0.023813 -0.0113174
6
464.655 258.425
5.295 9.953 12.0829 0 0
0 0 0 0 0.59426
0.0242348 0.00246342
6
192.223 484.295
5.295 9.953 12.0829 0 0
0 0 0 0 0.595888
-0.00270815 0.0232284
6
239.606 480.634
5.295 9.953 12.0829 0 0
0 0 0 0 0.59559
0.00494582 0.0338817
6
450.136 393.089
5.295 9.953 12.0829 0 0
0 0 0 0 0.59433
0.0379039 0.00626056
6
468.107 275.335
5.295 9.953 12.0829 0 0
0 0 0 0 0.594335
0.028077 0.00549714
6
496.561 253.644
5.295 9.953 12.0829 0 0
0 0 0 0 0.598549
0.030284 0.0137044
6
327.802 46.874
5.295 9.953 12.0829 0 0
0 0 0 0 0.593251
-0.00559397 -0.0448082
6
166.489 21.0456
5.295 9.953 12.0829 0 0
0 0 0 0 0.597328
-0.0183567 -0.059758
6
483.219 184.365
5.295 9.953 12.0829 0 0
0 0 0 0 0.59602
0.0261227 -0.00877251
6
377.08 416.203
5.295 9.953 12.0829 0 0
0 0 0 0 0.590972
0.0143266 0.0241849
6
67.6527 81.1066
5.295 9.953 12.0829 0 0
0 0 0 0 0.594774
-0.0436322 -0.0277666
6
471.873 292.242
5.295 9.953 12.0829 0 0
0 0 0 0 0.594353
0.0332852 0.00511129
6
190.957 8.07493
5.295 9.953 12.0829 0 0
0 0 0 0 0.598537
-0.0160699 -0.0240971
6
107.339 436.178
5.295 9.953 12.0829 0 0
0 0 0 0 0.593373
-0.0213024 0.0188536
6
258.017 44.3215
5.295 9.953 12.0829 0 0
0 0 0 0 0.594131
-0.00286505 -0.0265872
6
411.478 428.065
5.295 9.953 12.0829 0 0
0 0 0 0 0.593214
0.0170113 0.0192268
6
50.8424 157.714
5.295 9.953 12.0829 0 0
0 0 0 0 0.593849
-0.0311809 -0.00535392
6
54.8704 365.78
5.295 9.953 12.0829 0 0
0 0 0 0 0.594137
-0.0218684 0.0160963
6
188.557 66.8171
5.295 9.953 12.0829 0 0
0 0 0 0 0.592103
0.00118719 -0.0238981
6
69.5905 163.764
5.295 9.953 12.0829 0 0
0 0 0 0 0.591422
-0.0195818 -0.000440685
6
54.191 107.468
5.295 9.953 12.0829 0 0
0 0 0 0 0.594169
-0.0596976 -0.0896355
6
358.845 474.927
5.295 9.953 12.0829 0 0
0 0 0 0 0.595243
0.00757792 0.0286707
6
459.279 145.261
5.295 9.953 12.0829 0 0
0 0 0 0 0.594322
0.0230396 -0.0132907
6
369.359 67.9952
5.295 9.953 12.0829 0 0
0 0 0 0 0.592275
0.0154197 -0.0187756
6
29.947 132.995
5.295 9.953 12.0829 0 0
0 0 0 0 0.596425
-0.0299115 -0.00886263
6
284.715 38.9682
5.295 9.953 12.0829 0 0
0 0 0 0 0.594152
0.0154993 -0.0157424
6
167.45 443.959
5.295 9.953 12.0829 0 0
0 0 0 0 0.592648
-0.0118193 0.0220631
6
489.692 218.741
5.295 9.953 12.0829 0 0
0 0 0 0 0.597085
0.0272601 0.000913168
6
387.158 452.594
5.295 9.953 12.0829 0 0
0 0 0 0 0.593991
0.00957086 0.023739
6
298.673 439.256
5.295 9.953 12.0829 0 0
0 0 0 0 0.590505
0.00958475 0.0120858
6
287.911 489.906
5.295 9.953 12.0829 0 0
0 0 0 0 0.59702
0.0118772 0.0482953
6
445.468 157.322
5.295 9.953 12.0829 0 0
0 0 0 0 0.593045
0.0213557 -0.0107509
6
41.8395 263.272
5.295 9.953 12.0829 0 0
0 0 0 0 0.593928
-0.0202683 -0.000286491
6
462.193 320.201
5.295 9.953 12.0829 0 0
0 0 0 0 0.593376
0.0263982 0.00766561
6
448.733 331.188
5.295 9.953 12.0829 0 0
0 0 0 0 0.592581
0.0276137 0.0118239
6
330.007 476.534
5.295 9.953 12.0829 0 0
0 0 0 0 0.59601
0.00545004 0.0393899
6
409.119 130.437
5.295 9.953 12.0829 0 0
0 0 0 0 0.590135
0.0180932 -0.0138158
6
340.972 447.769
5.295 9.953 12.0829 0 0
0 0 0 0 0.592743
0.000992381 0.0298025
6
452.943 348.174
5.295 9.953 12.0829 0 0
0 0 0 0 0.592778
0.0336399 0.0195469
6
36.633 307.934
5.295 9.953 12.0829 0 0
0 0 0 0 0.59561
-0.0362272 -0.00337551
6
48.7143 219.027
5.295 9.953 12.0829 0 0
0 0 0 0 0.592738
-0.0160045 -0.000312936
6
300.274 37.7523
5.295 9.953 12.0829 0 0
0 0 0 0 0.594359
0.0298342 -0.0299073
6
233.769 2.15087
5.295 9.953 12.0829 0 0
0 0 0 0 0.599908
-0.00536392 -0.0399872
6
33.3677 325.254
5.295 9.953 12.0829 0 0
0 0 0 0 0.595718
-0.016682 0.00584909
6
337.995 58.7078
5.295 9.953 12.0829 0 0
0 0 0 0 0.593513
-0.0108193 -0.0183692
6
493.046 236.014
5.295 9.953 12.0829 0 0
0 0 0 0 0.597055
0.0292366 0.00726301
6
353.974 438.35
5.295 9.953 12.0829 0 0
0 0 0 0 0.592036
0.00200912 0.0234106
6
122.902 443.385
5.295 9.953 12.0829 0 0
0 0 0 0 0.59303
-0.0190132 0.0209128
6
448.636 174.251
5.295 9.953 12.0829 0 0
0 0 0 0 0.592569
0.0218009 -0.00868605
6
227.165 493.603
5.295 9.953 12.0829 0 0
0 0 0 0 0.597137
-0.000889929 0.0326528
6
436.804 404.85
5.295 9.953 12.0829 0 0
0 0 0 0 0.593943
0.030549 0.0116963
6
23.455 257.854
5.295 9.953 12.0829 0 0
0 0 0 0 0.596915
-0.0340351 0.00099005
6
451.765 191.124
5.295 9.953 12.0829 0 0
0 0 0 0 0.592172
0.0222633 -0.00664491
6
251.202 7.55487
5.295 9.953 12.0829 0 0
0 0 0 0 0.598366
-0.0037882 -0.0361753
6
367.531 50.2727
5.295 9.953 12.0829 0 0
0 0 0 0 0.594202
0.01875 -0.0174929
6
194.822 434.527
5.295 9.953 12.0829 0 0
0 0 0 0 0.59087
-0.00693331 0.0197065
6
444.263 376.25
5.295 9.953 12.0829 0 0
0 0 0 0 0.593644
0.0213097 0.0119136
6
21.4356 240.149
5.295 9.953 12.0829 0 0
0 0 0 0 0.596872
-0.0360282 -0.0115043
6
229.499 459.782
5.295 9.953 12.0829 0 0
0 0 0 0 0.592917
0.000414257 0.0233612
6
405.169 62.9624
5.295 9.953 12.0829 0 0
0 0 0 0 0.593874
0.010777 -0.0451236
6
113.062 68.2714
5.295 9.953 12.0829 0 0
0 0 0 0 0.593363
-0.0223853 -0.0328835
6
45.5439 201.845
5.295 9.953 12.0829 0 0
0 0 0 0 0.594381
-0.0157144 0.0053017
6
436.479 105.699
5.295 9.953 12.0829 0 0
0 0 0 0 0.593949
0.0250062 -0.0159594
